8,242E+2
8,091E+2
8,076E+2
8,058E+2
6,011E+2
6,923E+2
6,171E+2
8,758E+2
8,614E+2
8,587E+2
8,561E+2
5,722E+2
6,550E+2
8,471E+2
6,319E+2
8,774E+2
5,867E+2
6,365E+2
7,458E+2
7,948E+2
6,935E+2
8,198E+2
6,191E+2
7,722E+2
6,336E+2
6,378E+2
7,966E+2
8,110E+2
8,245E+2
8,034E+2
8,104E+2
9,053E+2
8,026E+2
6,852E+2
6,633E+2
8,598E+2
9,021E+2
8,844E+2
7,316E+2
7,509E+2
2,787E+2
7,869E+2
6,519E+2
8,505E+2
8,301E+2
8,331E+2
6,296E+2
6,963E+2
9,391E+2
9,061E+2
6,255E+2
8,405E+2
6,499E+2
4,844E+2
7,568E+2
8,568E+2
6,895E+2
6,396E+2
7,405E+2
6,845E+2
8,056E+2
5,983E+2
8,788E+2
6,376E+2
5,471E+2
7,805E+2
8,766E+2
8,220E+2
6,400E+2
4,139E+2
6,677E+2
8,208E+2
6,532E+2
8,287E+2
5,513E+2
5,919E+2
8,693E+2
6,465E+2
8,295E+2
6,495E+2
8,450E+2
8,107E+2
6,574E+2
8,661E+2
7,921E+2
6,910E+2
7,620E+2
8,525E+2
7,383E+2
7,633E+2
7,075E+2
7,091E+2
7,685E+2
8,205E+2
8,219E+2
7,285E+2
7,387E+2
7,461E+2
7,252E+2
7,009E+2
6,599E+2
7,718E+2
7,208E+2
8,131E+2
6,290E+2
8,018E+2
7,084E+2
6,506E+2
7,466E+2
6,800E+2
7,604E+2
7,020E+2
8,901E+2
7,200E+2
6,603E+2
6,305E+2
6,717E+2
8,341E+2
5,805E+2
4,534E+2
7,226E+2
8,198E+2
7,598E+2
9,013E+2
7,801E+2
7,052E+2
3,657E+2
8,337E+2
7,910E+2
8,553E+2
8,140E+2
7,231E+2
7,386E+2
7,068E+2
6,130E+2
6,673E+2
7,875E+2
6,845E+2
8,908E+2
8,149E+2
7,704E+2
6,954E+2
5,355E+2
6,993E+2
7,510E+2
7,139E+2
8,224E+2
3,532E+2
7,624E+2
6,126E+2
5,854E+2
6,871E+2
6,458E+2
5,358E+2
6,118E+2
7,507E+2
7,728E+2
8,104E+2
6,501E+2
8,404E+2
6,720E+2
6,368E+2
8,210E+2
5,821E+2
8,421E+2
6,863E+2
7,307E+2
8,250E+2
6,520E+2
5,991E+2
7,074E+2
7,114E+2
6,448E+2
8,364E+2
7,527E+2
8,513E+2
6,143E+2
7,938E+2
6,551E+2
8,595E+2
7,688E+2
7,720E+2
8,300E+2
6,567E+2
6,906E+2
8,926E+2
6,913E+2
6,868E+2
7,063E+2
8,038E+2
6,745E+2
6,498E+2
5,243E+2
6,677E+2
7,294E+2
5,017E+2
7,903E+2
8,793E+2
7,975E+2
8,141E+2
9,045E+2
9,060E+2
7,228E+2
3,281E+2
8,125E+2
6,613E+2
8,579E+2
7,296E+2
6,924E+2
6,617E+2
6,989E+2
8,768E+2
4,408E+2
6,674E+2
8,349E+2
6,253E+2
8,537E+2
7,919E+2
8,462E+2
6,300E+2
6,214E+2
6,994E+2
6,839E+2
6,588E+2
6,377E+2
6,023E+2
2,092E+2
8,063E+2
6,208E+2
7,923E+2
6,693E+2
7,797E+2
7,544E+2
6,389E+2
6,404E+2
8,548E+2
6,686E+2
8,719E+2
5,315E+2
7,773E+2
8,391E+2
6,522E+2
8,581E+2
5,690E+2
7,637E+2
6,041E+2
7,965E+2
6,918E+2
5,621E+2
8,158E+2
6,969E+2
8,585E+2
7,844E+2
6,986E+2
4,686E+2
8,400E+2
5,135E+2
2,938E+2
7,162E+2
6,522E+2
6,050E+2
5,879E+2
5,475E+2
6,616E+2
8,414E+2
7,517E+2
6,885E+2
7,167E+2
6,304E+2
7,536E+2
7,520E+2
8,435E+2
7,096E+2
7,623E+2
7,612E+2
6,187E+2
7,226E+2
6,817E+2
6,807E+2
4,312E+2
6,126E+2
6,387E+2
7,623E+2
7,000E+2
7,665E+2
5,782E+2
7,766E+2
7,110E+2
5,357E+2
7,857E+2
7,564E+2
8,010E+2
7,310E+2
8,716E+2
8,291E+2
7,855E+2
7,515E+2
8,568E+2
8,420E+2
7,967E+2
3,611E+2
7,700E+2
7,832E+2
7,807E+2
7,954E+2
7,732E+2
7,713E+2
8,178E+2
6,810E+2
6,637E+2
7,998E+2
7,641E+2
7,281E+2
7,351E+2
7,528E+2
7,594E+2
6,916E+2
8,033E+2
7,490E+2
6,194E+2
7,783E+2
6,400E+2
8,117E+2
6,414E+2
8,635E+2
6,795E+2
8,436E+2
7,400E+2
6,400E+2
6,732E+2
8,631E+2
6,700E+2
7,668E+2
8,057E+2
6,231E+2
2,232E+2
8,413E+2
6,290E+2
8,684E+2
7,122E+2
8,268E+2
6,313E+2
8,232E+2
7,615E+2
7,484E+2
8,022E+2
6,916E+2
8,190E+2
8,201E+2
6,608E+2
7,087E+2
7,442E+2
6,335E+2
8,286E+2
8,174E+2
8,396E+2
7,599E+2
6,497E+2
8,432E+2
8,110E+2
7,103E+2
6,494E+2
8,427E+2
7,919E+2
6,817E+2
2,119E+2
7,816E+2
8,365E+2
5,947E+2
6,841E+2
6,274E+2
7,827E+2
6,417E+2
7,434E+2
7,879E+2
6,298E+2
5,436E+2
9,556E+2
8,618E+2
7,205E+2
7,644E+2
5,165E+2
5,695E+2
5,709E+2
7,331E+2
7,170E+2
6,228E+2
2,237E+2
5,390E+2
8,689E+2
6,297E+2
5,811E+2
8,219E+2
6,704E+2
7,497E+2
7,322E+2
8,739E+2
8,392E+2
6,910E+2
2,405E+2
8,266E+2
7,515E+2
8,655E+2
7,764E+2
8,432E+2
7,316E+2
8,423E+2
6,492E+2
6,164E+2
7,602E+2
6,882E+2
6,386E+2
5,575E+2
8,026E+2
6,631E+2
7,286E+2
7,584E+2
6,407E+2
7,374E+2
7,772E+2
7,315E+2
7,903E+2
8,170E+2
7,174E+2
7,585E+2
7,778E+2
6,395E+2
6,386E+2
6,225E+2
6,400E+2
6,777E+2
4,428E+2
7,942E+2
6,269E+2
6,683E+2
6,781E+2
7,912E+2
6,206E+2
6,826E+2
7,939E+2
7,648E+2
7,210E+2
7,922E+2
5,511E+2
6,420E+2
7,602E+2
7,500E+2
6,829E+2
6,837E+2
6,394E+2
6,326E+2
7,310E+2
7,889E+2
7,665E+2
8,423E+2
6,615E+2
6,536E+2
7,410E+2
7,635E+2
7,532E+2
6,496E+2
5,383E+2
6,075E+2
7,784E+2
6,261E+2
8,887E+2
5,906E+2
8,025E+2
6,700E+2
8,382E+2
6,499E+2
8,592E+2
8,233E+2
6,735E+2
7,551E+2
7,318E+2
6,696E+2
8,294E+2
8,495E+2
6,429E+2
8,511E+2
7,383E+2
6,955E+2
7,624E+2
5,791E+2
6,824E+2
8,117E+2
7,384E+2
8,317E+2
8,830E+2
6,393E+2
7,044E+2
7,928E+2
8,629E+2
6,336E+2
8,112E+2
5,703E+2
6,965E+2
6,895E+2
6,523E+2
