2,831E+2
2,978E+2
3,405E+2
3,962E+2
3,527E+2
3,903E+2
2,099E+2
3,209E+2
3,082E+2
2,987E+2
3,478E+2
2,926E+2
3,509E+2
3,400E+2
3,823E+2
3,533E+2
2,844E+2
2,235E+2
2,437E+2
2,997E+2
3,839E+2
2,480E+2
3,387E+2
2,793E+2
5,091E+2
2,193E+2
3,079E+2
2,800E+2
3,100E+2
2,951E+2
3,082E+2
3,101E+2
4,165E+2
3,156E+2
4,077E+2
3,293E+2
3,674E+2
3,206E+2
3,307E+2
3,201E+2
2,929E+2
3,742E+2
4,061E+2
2,307E+2
3,498E+2
3,578E+2
2,727E+2
3,686E+2
2,107E+2
2,094E+2
3,391E+2
2,889E+2
2,167E+2
3,484E+2
2,068E+2
2,741E+2
3,790E+2
3,017E+2
3,162E+2
2,084E+2
3,579E+2
3,013E+2
3,741E+2
3,423E+2
3,374E+2
2,917E+2
3,187E+2
2,900E+2
4,114E+2
3,217E+2
2,826E+2
2,507E+2
2,167E+2
3,741E+2
3,211E+2
3,537E+2
2,839E+2
3,023E+2
3,018E+2
2,459E+2
2,234E+2
2,596E+2
3,207E+2
2,909E+2
2,186E+2
3,230E+2
3,135E+2
3,005E+2
2,054E+2
2,386E+2
2,982E+2
2,628E+2
3,435E+2
3,389E+2
3,044E+2
3,021E+2
2,955E+2
2,592E+2
3,313E+2
2,201E+2
3,915E+2
3,223E+2
2,651E+2
2,997E+2
2,971E+2
2,249E+2
4,341E+2
4,293E+2
3,121E+2
3,047E+2
3,475E+2
2,917E+2
2,938E+2
3,117E+2
3,985E+2
2,375E+2
3,229E+2
3,471E+2
3,186E+2
2,874E+2
3,544E+2
3,486E+2
2,998E+2
3,296E+2
3,818E+2
2,168E+2
3,834E+2
3,144E+2
2,412E+2
3,085E+2
3,412E+2
2,991E+2
3,427E+2
3,413E+2
3,996E+2
2,899E+2
3,212E+2
2,792E+2
3,601E+2
3,173E+2
2,206E+2
2,254E+2
3,266E+2
3,387E+2
2,901E+2
3,811E+2
2,287E+2
2,096E+2
2,996E+2
2,334E+2
2,087E+2
3,125E+2
3,178E+2
2,204E+2
3,336E+2
3,189E+2
3,887E+2
2,452E+2
2,768E+2
2,900E+2
2,426E+2
3,213E+2
3,121E+2
2,576E+2
2,415E+2
2,923E+2
2,317E+2
3,839E+2
2,788E+2
3,220E+2
3,727E+2
2,529E+2
2,101E+2
2,434E+2
2,886E+2
2,068E+2
2,214E+2
3,119E+2
3,500E+2
3,041E+2
3,855E+2
2,991E+2
3,710E+2
2,597E+2
2,362E+2
2,824E+2
2,677E+2
2,274E+2
2,216E+2
3,795E+2
3,090E+2
3,670E+2
2,561E+2
2,768E+2
2,097E+2
3,227E+2
4,094E+2
2,400E+2
3,636E+2
3,391E+2
2,056E+2
2,422E+2
2,690E+2
2,092E+2
2,125E+2
3,066E+2
2,095E+2
3,619E+2
2,124E+2
2,471E+2
4,414E+2
2,914E+2
3,912E+2
2,368E+2
3,736E+2
3,600E+2
2,501E+2
2,887E+2
2,395E+2
2,386E+2
2,915E+2
2,672E+2
2,766E+2
2,284E+2
2,292E+2
3,801E+2
3,328E+2
3,226E+2
2,417E+2
3,108E+2
2,608E+2
3,153E+2
3,463E+2
4,325E+2
2,230E+2
3,539E+2
4,294E+2
2,621E+2
3,512E+2
3,976E+2
2,711E+2
3,284E+2
3,101E+2
3,491E+2
2,132E+2
3,864E+2
3,559E+2
3,174E+2
2,898E+2
2,188E+2
3,914E+2
3,661E+2
2,196E+2
3,204E+2
2,716E+2
3,413E+2
2,259E+2
4,439E+2
2,395E+2
2,305E+2
3,082E+2
3,874E+2
2,891E+2
4,858E+2
2,156E+2
3,310E+2
2,900E+2
3,240E+2
3,428E+2
2,277E+2
3,117E+2
2,324E+2
3,323E+2
2,489E+2
2,701E+2
3,202E+2
2,304E+2
3,538E+2
2,333E+2
3,616E+2
3,732E+2
3,534E+2
3,806E+2
2,146E+2
2,871E+2
2,718E+2
3,785E+2
3,095E+2
2,885E+2
3,859E+2
2,907E+2
3,302E+2
2,542E+2
2,694E+2
3,196E+2
2,711E+2
3,202E+2
3,250E+2
2,391E+2
3,317E+2
2,909E+2
2,672E+2
2,878E+2
3,013E+2
3,171E+2
4,192E+2
2,262E+2
2,785E+2
2,206E+2
2,159E+2
3,330E+2
3,610E+2
2,358E+2
2,683E+2
3,665E+2
3,713E+2
2,503E+2
2,378E+2
3,387E+2
3,312E+2
3,426E+2
3,091E+2
3,974E+2
2,128E+2
2,491E+2
2,742E+2
2,333E+2
3,976E+2
3,418E+2
4,008E+2
3,208E+2
2,805E+2
3,058E+2
3,489E+2
3,234E+2
2,503E+2
2,418E+2
3,615E+2
2,866E+2
3,086E+2
3,554E+2
3,056E+2
3,593E+2
2,350E+2
4,109E+2
2,621E+2
3,977E+2
4,209E+2
2,326E+2
4,082E+2
2,331E+2
2,217E+2
2,614E+2
2,589E+2
3,404E+2
3,815E+2
3,592E+2
3,500E+2
2,964E+2
2,891E+2
3,288E+2
3,916E+2
3,804E+2
3,393E+2
2,217E+2
3,191E+2
3,574E+2
2,735E+2
2,278E+2
3,175E+2
3,204E+2
2,839E+2
3,149E+2
4,212E+2
3,263E+2
2,714E+2
2,145E+2
2,988E+2
2,824E+2
2,687E+2
3,499E+2
3,518E+2
2,468E+2
3,302E+2
3,258E+2
3,800E+2
2,668E+2
2,564E+2
3,963E+2
3,154E+2
3,084E+2
3,077E+2
3,001E+2
2,617E+2
3,794E+2
2,526E+2
3,601E+2
3,242E+2
3,289E+2
4,153E+2
3,141E+2
2,663E+2
3,006E+2
2,296E+2
3,787E+2
2,762E+2
2,415E+2
2,081E+2
3,217E+2
2,423E+2
2,774E+2
3,617E+2
2,389E+2
2,532E+2
2,835E+2
2,666E+2
2,896E+2
2,122E+2
3,530E+2
2,156E+2
2,693E+2
3,112E+2
3,290E+2
2,879E+2
3,584E+2
3,942E+2
2,087E+2
2,687E+2
2,910E+2
3,347E+2
3,013E+2
2,636E+2
3,715E+2
2,593E+2
2,878E+2
2,610E+2
2,307E+2
3,206E+2
2,768E+2
3,296E+2
2,089E+2
2,426E+2
2,501E+2
3,218E+2
2,444E+2
2,210E+2
2,282E+2
3,447E+2
2,079E+2
2,097E+2
2,704E+2
2,581E+2
2,897E+2
3,320E+2
4,118E+2
3,106E+2
3,451E+2
2,878E+2
2,479E+2
3,011E+2
3,394E+2
3,767E+2
2,620E+2
3,295E+2
3,179E+2
2,469E+2
3,573E+2
3,491E+2
3,298E+2
2,107E+2
2,497E+2
2,799E+2
2,088E+2
4,030E+2
3,449E+2
2,414E+2
3,690E+2
2,100E+2
3,820E+2
2,062E+2
3,059E+2
3,307E+2
3,098E+2
3,411E+2
2,317E+2
3,292E+2
4,014E+2
2,997E+2
2,525E+2
2,265E+2
3,405E+2
2,489E+2
3,091E+2
2,952E+2
2,520E+2
3,273E+2
2,701E+2
3,176E+2
3,240E+2
3,693E+2
