5,059E+2
4,626E+2
4,427E+2
4,006E+2
2,668E+2
4,517E+2
4,987E+2
2,372E+2
3,033E+2
6,294E+2
6,914E+2
4,742E+2
4,030E+2
4,314E+2
2,199E+2
4,217E+2
5,529E+2
5,380E+2
4,823E+2
5,689E+2
4,202E+2
4,198E+2
4,306E+2
2,585E+2
3,403E+2
4,470E+2
2,897E+2
3,217E+2
3,694E+2
4,184E+2
5,327E+2
4,186E+2
3,868E+2
5,123E+2
4,818E+2
3,121E+2
4,119E+2
4,693E+2
4,777E+2
4,329E+2
5,064E+2
2,830E+2
4,313E+2
5,173E+2
4,427E+2
3,773E+2
4,865E+2
4,835E+2
3,913E+2
2,993E+2
3,970E+2
5,794E+2
3,824E+2
2,225E+2
2,899E+2
4,730E+2
4,499E+2
5,477E+2
5,140E+2
4,063E+2
3,195E+2
4,445E+2
3,243E+2
5,376E+2
4,349E+2
5,499E+2
4,422E+2
5,446E+2
3,176E+2
4,855E+2
4,830E+2
3,813E+2
2,413E+2
4,742E+2
3,692E+2
5,285E+2
2,588E+2
4,491E+2
4,761E+2
3,826E+2
4,112E+2
4,689E+2
4,886E+2
5,328E+2
4,276E+2
4,026E+2
5,196E+2
4,787E+2
3,853E+2
3,792E+2
4,742E+2
5,180E+2
3,304E+2
2,827E+2
3,821E+2
5,639E+2
3,393E+2
5,287E+2
5,111E+2
3,049E+2
3,209E+2
4,044E+2
4,972E+2
2,935E+2
3,394E+2
4,208E+2
3,192E+2
2,593E+2
3,321E+2
3,042E+2
4,118E+2
2,686E+2
4,983E+2
3,668E+2
2,671E+2
4,932E+2
3,896E+2
4,200E+2
4,832E+2
3,570E+2
2,637E+2
3,721E+2
3,258E+2
3,190E+2
4,695E+2
3,607E+2
3,975E+2
5,496E+2
2,503E+2
4,022E+2
4,271E+2
4,215E+2
4,304E+2
4,591E+2
3,777E+2
3,396E+2
5,343E+2
4,113E+2
5,603E+2
4,487E+2
4,519E+2
4,295E+2
3,619E+2
3,698E+2
3,790E+2
4,954E+2
5,023E+2
3,309E+2
3,525E+2
3,700E+2
4,969E+2
4,113E+2
2,510E+2
4,719E+2
2,998E+2
3,095E+2
2,815E+2
5,078E+2
2,190E+2
3,677E+2
2,874E+2
4,960E+2
3,899E+2
4,199E+2
4,373E+2
3,106E+2
2,641E+2
3,824E+2
4,103E+2
4,086E+2
2,664E+2
4,209E+2
2,499E+2
2,298E+2
4,075E+2
4,596E+2
3,721E+2
2,169E+2
4,994E+2
4,425E+2
3,516E+2
4,439E+2
5,668E+2
4,997E+2
3,136E+2
5,293E+2
3,699E+2
4,694E+2
5,393E+2
4,576E+2
3,280E+2
4,304E+2
2,581E+2
4,022E+2
4,018E+2
5,815E+2
3,075E+2
5,473E+2
3,999E+2
3,486E+2
3,460E+2
4,427E+2
3,154E+2
3,728E+2
5,173E+2
2,417E+2
3,985E+2
3,699E+2
3,494E+2
4,801E+2
4,097E+2
4,688E+2
4,265E+2
4,809E+2
4,058E+2
2,054E+2
4,779E+2
4,982E+2
3,381E+2
2,102E+2
3,933E+2
5,497E+2
2,281E+2
3,906E+2
4,967E+2
2,698E+2
4,495E+2
3,502E+2
4,494E+2
2,336E+2
2,274E+2
3,210E+2
3,733E+2
4,516E+2
3,602E+2
2,737E+2
3,898E+2
2,693E+2
5,048E+2
2,300E+2
5,529E+2
4,097E+2
4,072E+2
2,094E+2
5,408E+2
2,120E+2
3,466E+2
3,101E+2
2,380E+2
4,272E+2
3,790E+2
5,360E+2
3,521E+2
3,999E+2
5,586E+2
3,461E+2
5,137E+2
4,655E+2
4,302E+2
3,869E+2
4,975E+2
2,310E+2
4,916E+2
3,019E+2
3,813E+2
4,126E+2
2,135E+2
3,797E+2
3,050E+2
2,161E+2
2,935E+2
4,566E+2
5,512E+2
2,493E+2
2,769E+2
4,827E+2
4,626E+2
2,779E+2
2,909E+2
3,530E+2
4,440E+2
3,796E+2
3,826E+2
5,900E+2
2,693E+2
4,914E+2
4,538E+2
3,697E+2
3,377E+2
6,080E+2
2,066E+2
4,331E+2
6,178E+2
3,397E+2
3,072E+2
4,175E+2
3,917E+2
4,933E+2
3,042E+2
4,820E+2
3,149E+2
3,582E+2
4,757E+2
3,692E+2
4,117E+2
3,906E+2
4,179E+2
3,243E+2
3,061E+2
4,515E+2
5,303E+2
3,927E+2
4,426E+2
5,072E+2
3,530E+2
2,537E+2
3,497E+2
5,716E+2
4,792E+2
5,497E+2
3,828E+2
3,497E+2
3,082E+2
4,682E+2
3,797E+2
3,365E+2
2,701E+2
3,295E+2
5,984E+2
2,919E+2
2,812E+2
5,886E+2
3,425E+2
3,836E+2
4,604E+2
5,285E+2
3,685E+2
3,451E+2
3,887E+2
5,086E+2
2,532E+2
2,926E+2
3,513E+2
3,818E+2
2,891E+2
4,889E+2
3,026E+2
2,065E+2
4,161E+2
5,395E+2
2,492E+2
5,697E+2
4,920E+2
3,921E+2
5,108E+2
4,029E+2
5,117E+2
4,720E+2
5,289E+2
2,728E+2
6,799E+2
3,125E+2
2,083E+2
5,664E+2
3,686E+2
3,813E+2
3,002E+2
4,631E+2
4,622E+2
4,197E+2
3,069E+2
3,846E+2
3,703E+2
4,652E+2
3,452E+2
4,035E+2
2,607E+2
2,594E+2
6,099E+2
2,883E+2
5,418E+2
4,298E+2
4,398E+2
3,608E+2
3,277E+2
3,577E+2
3,014E+2
2,627E+2
3,720E+2
4,496E+2
5,188E+2
4,090E+2
4,100E+2
2,323E+2
3,333E+2
4,876E+2
4,198E+2
3,922E+2
4,093E+2
4,615E+2
3,494E+2
5,099E+2
3,785E+2
4,237E+2
2,977E+2
4,769E+2
4,567E+2
2,093E+2
4,550E+2
4,566E+2
3,382E+2
4,430E+2
2,693E+2
3,286E+2
4,684E+2
2,559E+2
3,092E+2
3,285E+2
3,892E+2
2,480E+2
3,969E+2
5,269E+2
2,893E+2
5,057E+2
2,294E+2
4,214E+2
2,483E+2
4,988E+2
2,685E+2
4,416E+2
3,716E+2
3,511E+2
3,606E+2
3,475E+2
4,962E+2
2,316E+2
3,586E+2
3,897E+2
4,096E+2
5,894E+2
3,314E+2
3,287E+2
4,297E+2
3,239E+2
2,653E+2
5,208E+2
5,607E+2
3,460E+2
4,391E+2
4,356E+2
3,711E+2
5,107E+2
4,201E+2
4,801E+2
2,835E+2
5,453E+2
4,883E+2
3,016E+2
4,815E+2
4,301E+2
4,272E+2
5,272E+2
2,567E+2
3,157E+2
4,088E+2
4,098E+2
4,854E+2
3,715E+2
4,487E+2
4,204E+2
2,632E+2
3,329E+2
2,523E+2
3,687E+2
3,201E+2
2,364E+2
2,286E+2
3,153E+2
4,111E+2
4,112E+2
3,011E+2
2,929E+2
4,820E+2
3,037E+2
4,310E+2
4,692E+2
2,874E+2
5,230E+2
2,568E+2
4,993E+2
4,203E+2
4,473E+2
3,611E+2
3,540E+2
3,397E+2
3,021E+2
3,866E+2
4,652E+2
2,290E+2
4,686E+2
