4,975E+2
5,035E+2
5,097E+2
6,115E+2
5,323E+2
4,884E+2
5,364E+2
4,771E+2
5,686E+2
5,281E+2
5,641E+2
4,537E+2
5,093E+2
4,930E+2
4,274E+2
5,068E+2
5,705E+2
5,095E+2
5,287E+2
4,992E+2
4,051E+2
5,309E+2
4,893E+2
5,346E+2
5,133E+2
4,908E+2
5,582E+2
4,366E+2
5,391E+2
4,931E+2
5,289E+2
5,821E+2
5,247E+2
5,521E+2
5,922E+2
5,301E+2
5,341E+2
4,519E+2
4,765E+2
4,369E+2
5,179E+2
5,151E+2
5,615E+2
5,334E+2
4,465E+2
5,342E+2
5,211E+2
4,612E+2
4,325E+2
5,498E+2
5,570E+2
5,313E+2
6,275E+2
5,203E+2
5,630E+2
5,611E+2
5,553E+2
4,383E+2
5,688E+2
5,307E+2
6,007E+2
5,038E+2
6,275E+2
6,600E+2
5,364E+2
6,731E+2
4,058E+2
6,888E+2
5,878E+2
5,237E+2
5,649E+2
5,828E+2
5,600E+2
5,668E+2
4,775E+2
5,261E+2
4,696E+2
4,849E+2
5,472E+2
5,686E+2
5,719E+2
6,724E+2
5,985E+2
5,517E+2
5,579E+2
5,235E+2
4,891E+2
5,039E+2
5,449E+2
5,489E+2
6,137E+2
5,505E+2
5,107E+2
5,062E+2
5,475E+2
5,588E+2
5,289E+2
6,008E+2
6,402E+2
6,012E+2
3,603E+2
4,923E+2
5,029E+2
6,344E+2
6,089E+2
5,445E+2
5,317E+2
5,651E+2
4,703E+2
4,626E+2
4,883E+2
4,529E+2
5,614E+2
5,929E+2
4,863E+2
5,738E+2
6,140E+2
5,407E+2
5,327E+2
5,528E+2
6,765E+2
6,722E+2
5,771E+2
5,704E+2
5,093E+2
5,521E+2
5,371E+2
5,285E+2
5,103E+2
5,392E+2
5,284E+2
5,677E+2
6,190E+2
4,956E+2
6,295E+2
6,602E+2
6,128E+2
4,951E+2
4,423E+2
4,368E+2
3,993E+2
5,500E+2
5,183E+2
5,485E+2
5,698E+2
4,112E+2
4,764E+2
5,806E+2
5,126E+2
5,230E+2
5,440E+2
5,003E+2
4,013E+2
7,039E+2
4,736E+2
5,239E+2
4,845E+2
5,576E+2
5,863E+2
5,847E+2
5,290E+2
5,685E+2
6,499E+2
7,143E+2
6,698E+2
6,531E+2
6,089E+2
5,791E+2
6,106E+2
5,694E+2
5,687E+2
5,632E+2
6,995E+2
8,253E+2
5,401E+2
8,566E+2
7,717E+2
6,873E+2
2,390E+2
4,955E+2
5,139E+2
4,426E+2
4,994E+2
5,336E+2
4,842E+2
5,619E+2
4,766E+2
5,437E+2
4,403E+2
3,212E+2
4,200E+2
4,646E+2
4,583E+2
5,404E+2
4,987E+2
5,211E+2
4,919E+2
5,846E+2
5,260E+2
5,732E+2
5,599E+2
5,098E+2
4,648E+2
5,520E+2
4,006E+2
5,934E+2
5,154E+2
5,095E+2
4,400E+2
4,838E+2
5,549E+2
4,876E+2
5,895E+2
6,481E+2
5,878E+2
5,992E+2
5,291E+2
5,225E+2
4,007E+2
5,000E+2
4,648E+2
6,145E+2
4,600E+2
5,640E+2
5,556E+2
6,141E+2
4,115E+2
5,119E+2
4,996E+2
4,595E+2
4,317E+2
5,219E+2
4,871E+2
5,326E+2
5,552E+2
5,089E+2
5,677E+2
5,727E+2
7,310E+2
4,935E+2
4,662E+2
6,510E+2
6,008E+2
6,127E+2
5,579E+2
4,309E+2
5,939E+2
5,390E+2
5,562E+2
2,361E+2
5,172E+2
5,961E+2
4,782E+2
5,372E+2
7,639E+2
5,494E+2
6,020E+2
6,112E+2
5,992E+2
5,940E+2
5,310E+2
4,989E+2
4,957E+2
4,789E+2
4,491E+2
5,605E+2
5,201E+2
5,283E+2
5,073E+2
5,504E+2
5,657E+2
6,440E+2
5,748E+2
5,707E+2
6,110E+2
6,051E+2
5,935E+2
6,122E+2
5,657E+2
4,810E+2
5,413E+2
5,902E+2
5,396E+2
6,008E+2
5,674E+2
6,014E+2
6,101E+2
5,526E+2
6,288E+2
6,004E+2
6,492E+2
7,159E+2
5,635E+2
5,018E+2
6,260E+2
5,387E+2
6,064E+2
6,190E+2
4,098E+2
4,876E+2
7,517E+2
5,718E+2
5,504E+2
5,175E+2
5,713E+2
4,827E+2
6,789E+2
5,022E+2
4,502E+2
5,692E+2
3,888E+2
3,207E+2
5,245E+2
4,037E+2
5,553E+2
6,089E+2
5,210E+2
5,789E+2
5,310E+2
5,708E+2
4,731E+2
6,696E+2
4,060E+2
6,681E+2
5,762E+2
4,711E+2
5,829E+2
6,327E+2
5,203E+2
5,394E+2
4,543E+2
4,256E+2
5,846E+2
5,601E+2
6,110E+2
5,704E+2
4,218E+2
5,246E+2
5,325E+2
5,150E+2
5,392E+2
6,329E+2
6,039E+2
5,927E+2
5,815E+2
6,188E+2
5,309E+2
4,938E+2
5,290E+2
5,383E+2
5,903E+2
4,879E+2
5,100E+2
5,084E+2
5,590E+2
5,068E+2
5,300E+2
4,587E+2
3,233E+2
4,930E+2
5,611E+2
5,168E+2
5,592E+2
4,747E+2
5,002E+2
4,833E+2
4,850E+2
5,028E+2
4,748E+2
5,301E+2
5,317E+2
5,503E+2
6,288E+2
4,361E+2
5,947E+2
5,237E+2
5,294E+2
5,274E+2
5,307E+2
5,712E+2
4,515E+2
4,997E+2
5,254E+2
4,784E+2
5,487E+2
5,313E+2
4,726E+2
5,556E+2
5,369E+2
4,950E+2
5,554E+2
4,874E+2
5,710E+2
5,665E+2
5,855E+2
4,009E+2
5,480E+2
5,172E+2
6,209E+2
5,338E+2
4,375E+2
6,028E+2
5,190E+2
5,514E+2
5,070E+2
5,302E+2
5,983E+2
5,530E+2
5,425E+2
2,895E+2
5,975E+2
6,114E+2
6,026E+2
7,184E+2
4,497E+2
3,997E+2
5,939E+2
5,196E+2
4,767E+2
4,724E+2
6,343E+2
6,194E+2
7,559E+2
7,441E+2
6,634E+2
5,663E+2
7,452E+2
6,019E+2
6,339E+2
6,911E+2
6,541E+2
5,912E+2
5,552E+2
5,336E+2
5,897E+2
5,594E+2
5,502E+2
5,856E+2
5,114E+2
5,759E+2
5,808E+2
4,593E+2
2,380E+2
4,493E+2
5,350E+2
5,609E+2
5,002E+2
5,995E+2
7,213E+2
5,501E+2
5,705E+2
6,012E+2
6,628E+2
6,821E+2
5,718E+2
6,108E+2
5,000E+2
6,467E+2
5,109E+2
5,614E+2
6,115E+2
7,400E+2
3,474E+2
5,301E+2
5,084E+2
6,004E+2
5,617E+2
5,113E+2
5,352E+2
5,417E+2
5,812E+2
5,580E+2
4,642E+2
5,672E+2
4,898E+2
5,692E+2
5,396E+2
5,955E+2
6,176E+2
3,589E+2
5,207E+2
5,830E+2
5,725E+2
5,424E+2
5,343E+2
5,309E+2
5,042E+2
5,105E+2
5,614E+2
6,203E+2
4,982E+2
5,706E+2
5,225E+2
5,150E+2
5,993E+2
5,150E+2
5,783E+2
4,896E+2
5,198E+2
5,262E+2
