4,364E+2
3,574E+2
5,157E+2
4,685E+2
4,304E+2
4,413E+2
5,288E+2
2,107E+2
4,120E+2
3,359E+2
4,811E+2
4,241E+2
4,267E+2
4,599E+2
3,607E+2
3,841E+2
2,116E+2
4,731E+2
3,377E+2
3,811E+2
6,079E+2
2,219E+2
3,817E+2
5,228E+2
4,473E+2
2,920E+2
3,588E+2
3,724E+2
4,996E+2
3,837E+2
5,208E+2
4,416E+2
5,075E+2
4,026E+2
5,457E+2
4,495E+2
4,926E+2
3,619E+2
4,484E+2
4,567E+2
2,370E+2
4,394E+2
4,821E+2
4,390E+2
4,091E+2
5,364E+2
4,614E+2
4,413E+2
3,672E+2
5,221E+2
4,250E+2
4,323E+2
5,384E+2
4,814E+2
4,628E+2
4,564E+2
2,923E+2
2,270E+2
4,216E+2
3,804E+2
5,084E+2
2,418E+2
5,093E+2
4,184E+2
3,288E+2
5,248E+2
5,608E+2
4,123E+2
4,484E+2
3,196E+2
4,380E+2
4,725E+2
3,976E+2
4,658E+2
5,126E+2
4,147E+2
5,716E+2
4,755E+2
5,374E+2
3,930E+2
3,363E+2
2,225E+2
3,574E+2
5,376E+2
4,980E+2
4,307E+2
2,238E+2
4,493E+2
4,123E+2
5,425E+2
4,843E+2
4,546E+2
2,530E+2
3,487E+2
4,623E+2
3,653E+2
4,987E+2
3,724E+2
4,011E+2
5,410E+2
5,801E+2
4,294E+2
4,829E+2
4,874E+2
4,041E+2
4,228E+2
3,965E+2
4,563E+2
5,123E+2
6,939E+2
4,506E+2
4,880E+2
2,929E+2
4,223E+2
2,306E+2
3,569E+2
4,696E+2
5,213E+2
3,619E+2
3,901E+2
4,797E+2
3,757E+2
3,028E+2
4,477E+2
2,519E+2
4,182E+2
4,605E+2
3,058E+2
4,103E+2
3,595E+2
3,276E+2
4,294E+2
5,754E+2
6,099E+2
3,473E+2
4,993E+2
4,122E+2
5,584E+2
4,330E+2
4,915E+2
2,103E+2
4,813E+2
3,986E+2
4,678E+2
6,391E+2
4,416E+2
4,509E+2
4,561E+2
4,116E+2
3,645E+2
2,115E+2
4,096E+2
3,507E+2
4,432E+2
3,838E+2
3,970E+2
2,798E+2
4,489E+2
4,793E+2
4,869E+2
4,823E+2
4,025E+2
6,014E+2
4,046E+2
3,076E+2
3,444E+2
4,306E+2
4,761E+2
3,475E+2
4,222E+2
5,149E+2
6,209E+2
4,723E+2
3,440E+2
4,698E+2
2,987E+2
4,607E+2
5,505E+2
4,753E+2
4,895E+2
4,863E+2
4,407E+2
5,404E+2
4,020E+2
3,735E+2
4,697E+2
4,540E+2
3,684E+2
4,249E+2
4,274E+2
4,831E+2
3,517E+2
2,291E+2
4,028E+2
2,211E+2
4,503E+2
5,268E+2
3,887E+2
5,400E+2
4,725E+2
3,966E+2
4,581E+2
5,116E+2
4,319E+2
5,230E+2
3,293E+2
5,915E+2
4,686E+2
5,593E+2
4,623E+2
6,088E+2
4,326E+2
3,804E+2
4,552E+2
5,624E+2
3,847E+2
4,286E+2
3,423E+2
6,471E+2
4,712E+2
2,473E+2
3,960E+2
4,195E+2
3,897E+2
3,977E+2
4,723E+2
3,203E+2
5,415E+2
2,869E+2
4,100E+2
4,381E+2
3,555E+2
5,426E+2
2,955E+2
4,773E+2
2,713E+2
3,531E+2
5,698E+2
2,404E+2
4,382E+2
4,240E+2
4,490E+2
5,103E+2
4,139E+2
3,193E+2
4,670E+2
4,517E+2
3,585E+2
5,698E+2
3,786E+2
4,975E+2
4,808E+2
4,821E+2
4,405E+2
4,480E+2
5,032E+2
4,240E+2
4,768E+2
5,001E+2
3,986E+2
4,415E+2
3,692E+2
2,875E+2
2,197E+2
5,127E+2
3,219E+2
4,436E+2
3,033E+2
4,492E+2
2,950E+2
2,319E+2
6,393E+2
3,164E+2
4,388E+2
4,142E+2
4,815E+2
4,427E+2
3,700E+2
3,528E+2
4,341E+2
2,418E+2
3,715E+2
4,693E+2
4,466E+2
6,579E+2
4,769E+2
4,690E+2
3,518E+2
4,498E+2
5,080E+2
4,386E+2
4,885E+2
4,698E+2
3,802E+2
3,407E+2
5,429E+2
3,369E+2
3,199E+2
4,396E+2
4,428E+2
4,684E+2
5,077E+2
2,662E+2
4,217E+2
2,791E+2
3,147E+2
5,546E+2
4,341E+2
4,146E+2
4,980E+2
4,798E+2
4,898E+2
4,006E+2
5,053E+2
4,771E+2
4,817E+2
4,500E+2
4,973E+2
3,310E+2
3,116E+2
4,598E+2
4,520E+2
4,614E+2
5,295E+2
4,802E+2
4,071E+2
2,610E+2
3,356E+2
3,614E+2
3,674E+2
4,271E+2
3,517E+2
3,766E+2
4,091E+2
4,888E+2
5,009E+2
3,684E+2
4,090E+2
5,381E+2
4,920E+2
4,605E+2
5,163E+2
5,202E+2
4,616E+2
5,027E+2
3,771E+2
4,097E+2
4,819E+2
5,377E+2
4,483E+2
6,394E+2
3,399E+2
4,136E+2
4,695E+2
3,003E+2
3,302E+2
3,803E+2
5,498E+2
4,900E+2
4,707E+2
2,914E+2
4,584E+2
3,426E+2
4,411E+2
4,954E+2
4,483E+2
5,803E+2
3,716E+2
4,247E+2
3,767E+2
2,892E+2
4,879E+2
5,457E+2
3,825E+2
4,925E+2
4,785E+2
3,207E+2
4,962E+2
2,939E+2
6,316E+2
8,004E+2
3,021E+2
2,454E+2
2,575E+2
2,895E+2
3,123E+2
6,497E+2
4,909E+2
6,027E+2
4,186E+2
4,846E+2
5,108E+2
4,601E+2
3,693E+2
3,066E+2
6,042E+2
3,602E+2
4,311E+2
4,601E+2
3,225E+2
4,405E+2
2,608E+2
2,471E+2
4,231E+2
3,650E+2
3,895E+2
3,482E+2
3,697E+2
4,906E+2
4,261E+2
5,908E+2
4,486E+2
4,512E+2
3,486E+2
4,650E+2
4,248E+2
4,907E+2
4,272E+2
4,194E+2
4,613E+2
5,025E+2
4,023E+2
3,507E+2
4,119E+2
4,243E+2
4,214E+2
4,518E+2
3,475E+2
4,072E+2
5,412E+2
4,313E+2
6,390E+2
2,834E+2
5,328E+2
4,951E+2
3,202E+2
3,229E+2
5,682E+2
4,767E+2
2,726E+2
5,208E+2
4,004E+2
3,108E+2
5,494E+2
4,111E+2
4,543E+2
4,574E+2
4,701E+2
4,761E+2
3,410E+2
5,620E+2
4,639E+2
4,557E+2
4,714E+2
4,419E+2
4,097E+2
4,173E+2
3,071E+2
3,293E+2
6,568E+2
4,048E+2
3,884E+2
2,716E+2
4,109E+2
4,058E+2
3,568E+2
3,297E+2
3,593E+2
4,266E+2
3,230E+2
4,364E+2
5,292E+2
4,579E+2
5,404E+2
3,143E+2
5,311E+2
5,086E+2
3,673E+2
5,416E+2
3,696E+2
4,019E+2
5,140E+2
4,587E+2
4,041E+2
4,087E+2
4,605E+2
4,562E+2
3,325E+2
2,679E+2
4,004E+2
3,805E+2
4,240E+2
4,481E+2
4,507E+2
4,005E+2
4,596E+2
5,003E+2
3,970E+2
3,811E+2
4,938E+2
