3,744E+3
3,758E+3
4,187E+3
3,931E+3
2,994E+3
3,723E+3
3,407E+3
3,501E+3
3,966E+3
4,391E+3
4,145E+3
4,584E+3
4,364E+3
4,522E+3
4,115E+3
4,328E+3
4,373E+3
4,123E+3
4,467E+3
4,443E+3
4,536E+3
4,508E+3
4,330E+3
4,813E+3
4,674E+3
4,450E+3
4,805E+3
4,325E+3
4,683E+3
4,532E+3
4,662E+3
4,428E+3
4,346E+3
4,383E+3
4,339E+3
4,657E+3
4,203E+3
4,200E+3
4,180E+3
4,195E+3
4,628E+3
4,516E+3
4,544E+3
4,326E+3
4,045E+3
4,011E+3
4,011E+3
4,275E+3
4,312E+3
4,412E+3
3,805E+3
4,762E+3
4,310E+3
3,830E+3
4,521E+3
4,755E+3
4,365E+3
4,287E+3
4,130E+3
4,374E+3
4,680E+3
4,464E+3
4,217E+3
3,892E+3
4,103E+3
4,087E+3
4,187E+3
4,239E+3
4,452E+3
4,312E+3
4,506E+3
4,372E+3
4,425E+3
4,085E+3
3,922E+3
4,087E+3
4,342E+3
4,373E+3
4,301E+3
4,172E+3
4,504E+3
4,443E+3
4,359E+3
3,890E+3
4,363E+3
4,480E+3
4,180E+3
4,129E+3
4,173E+3
4,394E+3
4,321E+3
3,992E+3
3,990E+3
4,592E+3
4,331E+3
4,341E+3
4,467E+3
4,562E+3
4,529E+3
4,321E+3
3,917E+3
4,241E+3
4,233E+3
4,461E+3
4,621E+3
4,507E+3
4,474E+3
4,552E+3
4,304E+3
4,187E+3
4,513E+3
4,386E+3
4,793E+3
4,504E+3
4,550E+3
4,687E+3
4,574E+3
4,434E+3
4,523E+3
4,211E+3
4,119E+3
4,019E+3
4,400E+3
4,353E+3
4,198E+3
4,371E+3
3,791E+3
3,973E+3
4,319E+3
3,965E+3
4,601E+3
4,512E+3
4,695E+3
4,624E+3
3,960E+3
3,948E+3
4,592E+3
4,777E+3
4,261E+3
4,253E+3
4,035E+3
4,356E+3
3,978E+3
4,087E+3
3,866E+3
4,140E+3
4,512E+3
4,495E+3
4,075E+3
4,286E+3
4,308E+3
4,506E+3
4,256E+3
4,432E+3
4,281E+3
4,581E+3
4,360E+3
4,403E+3
4,492E+3
4,322E+3
4,398E+3
4,319E+3
3,963E+3
4,324E+3
4,463E+3
4,405E+3
3,544E+3
3,623E+3
4,249E+3
3,888E+3
4,052E+3
4,111E+3
4,369E+3
4,563E+3
4,293E+3
4,461E+3
4,292E+3
4,320E+3
4,032E+3
4,459E+3
4,433E+3
4,642E+3
4,485E+3
4,412E+3
3,825E+3
4,348E+3
4,041E+3
4,616E+3
4,335E+3
3,962E+3
3,959E+3
4,315E+3
4,380E+3
4,494E+3
4,144E+3
4,250E+3
4,456E+3
4,427E+3
4,352E+3
4,349E+3
4,303E+3
4,289E+3
4,453E+3
4,426E+3
4,339E+3
4,533E+3
4,393E+3
4,784E+3
4,422E+3
4,227E+3
4,462E+3
4,591E+3
4,465E+3
4,200E+3
3,984E+3
4,722E+3
4,290E+3
4,442E+3
4,558E+3
4,500E+3
4,376E+3
4,391E+3
4,256E+3
4,442E+3
4,435E+3
4,364E+3
4,516E+3
4,143E+3
4,597E+3
4,622E+3
4,312E+3
4,353E+3
3,824E+3
4,152E+3
3,969E+3
3,213E+3
3,202E+3
2,821E+3
3,088E+3
2,449E+3
2,225E+3
2,302E+3
1,810E+3
2,261E+3
1,993E+3
2,050E+3
2,222E+3
2,329E+3
2,369E+3
2,258E+3
2,191E+3
1,859E+3
1,944E+3
2,181E+3
4,370E+3
3,718E+3
1,689E+3
2,354E+3
1,902E+3
