4,944E+2
5,974E+2
7,180E+2
6,516E+2
6,207E+2
7,108E+2
6,209E+2
7,199E+2
6,026E+2
6,533E+2
5,594E+2
6,300E+2
6,550E+2
5,753E+2
6,615E+2
6,014E+2
6,900E+2
5,872E+2
4,474E+2
6,424E+2
7,131E+2
6,017E+2
6,521E+2
6,398E+2
6,107E+2
6,231E+2
6,285E+2
6,001E+2
6,803E+2
6,503E+2
5,950E+2
2,603E+2
6,206E+2
6,676E+2
5,490E+2
6,587E+2
6,820E+2
5,958E+2
5,992E+2
6,713E+2
3,170E+2
7,365E+2
7,132E+2
6,275E+2
7,427E+2
7,205E+2
5,649E+2
6,309E+2
6,516E+2
5,706E+2
6,298E+2
6,319E+2
6,839E+2
6,900E+2
5,625E+2
5,818E+2
5,879E+2
6,036E+2
6,413E+2
6,329E+2
6,794E+2
6,617E+2
6,825E+2
6,078E+2
7,040E+2
6,292E+2
5,713E+2
6,958E+2
5,658E+2
6,833E+2
5,851E+2
5,177E+2
6,174E+2
6,198E+2
6,722E+2
6,138E+2
6,213E+2
7,025E+2
6,400E+2
6,030E+2
5,690E+2
6,221E+2
6,297E+2
5,916E+2
6,447E+2
6,119E+2
5,104E+2
6,029E+2
5,598E+2
5,478E+2
5,809E+2
6,119E+2
5,698E+2
5,781E+2
5,791E+2
6,207E+2
6,381E+2
5,666E+2
5,829E+2
6,588E+2
6,172E+2
6,693E+2
6,033E+2
2,814E+2
6,219E+2
6,698E+2
6,789E+2
5,573E+2
6,215E+2
5,647E+2
6,288E+2
5,803E+2
5,502E+2
5,895E+2
5,186E+2
6,035E+2
5,935E+2
5,902E+2
5,936E+2
4,696E+2
5,601E+2
5,954E+2
5,771E+2
6,001E+2
6,626E+2
6,331E+2
6,469E+2
5,732E+2
5,821E+2
5,887E+2
6,316E+2
6,639E+2
2,287E+2
6,616E+2
6,550E+2
6,423E+2
5,799E+2
6,296E+2
7,199E+2
5,754E+2
6,596E+2
6,549E+2
5,809E+2
6,902E+2
5,381E+2
6,071E+2
5,566E+2
6,502E+2
5,844E+2
5,841E+2
6,514E+2
6,567E+2
6,421E+2
4,016E+2
5,282E+2
6,383E+2
6,410E+2
6,785E+2
6,004E+2
5,709E+2
5,887E+2
6,367E+2
6,086E+2
5,925E+2
5,504E+2
5,738E+2
5,306E+2
5,572E+2
5,765E+2
6,422E+2
6,793E+2
6,259E+2
2,504E+2
6,165E+2
5,503E+2
5,769E+2
6,217E+2
2,104E+2
6,043E+2
6,389E+2
5,001E+2
6,323E+2
5,717E+2
5,985E+2
5,730E+2
6,015E+2
5,305E+2
5,210E+2
5,907E+2
5,617E+2
5,770E+2
5,473E+2
6,443E+2
5,031E+2
5,873E+2
4,529E+2
4,700E+2
5,969E+2
5,760E+2
5,198E+2
5,148E+2
3,894E+2
5,392E+2
5,283E+2
5,978E+2
5,850E+2
5,780E+2
5,118E+2
6,182E+2
5,780E+2
6,273E+2
5,504E+2
6,293E+2
5,593E+2
6,675E+2
5,098E+2
5,932E+2
5,427E+2
5,208E+2
5,115E+2
5,200E+2
5,106E+2
5,941E+2
5,811E+2
4,331E+2
5,830E+2
4,920E+2
5,815E+2
5,502E+2
5,701E+2
5,201E+2
5,374E+2
5,858E+2
6,992E+2
5,416E+2
5,572E+2
5,408E+2
6,190E+2
5,991E+2
5,173E+2
5,726E+2
5,837E+2
6,326E+2
6,071E+2
6,123E+2
6,234E+2
6,507E+2
5,307E+2
5,604E+2
6,700E+2
5,993E+2
4,899E+2
6,003E+2
6,602E+2
5,689E+2
6,185E+2
6,182E+2
5,807E+2
6,658E+2
6,506E+2
5,955E+2
5,991E+2
5,890E+2
5,976E+2
5,698E+2
5,784E+2
5,966E+2
5,516E+2
6,300E+2
7,080E+2
6,166E+2
5,413E+2
6,912E+2
6,062E+2
5,990E+2
7,109E+2
5,574E+2
5,494E+2
5,822E+2
6,101E+2
5,590E+2
6,351E+2
5,322E+2
6,228E+2
6,935E+2
6,593E+2
5,922E+2
6,307E+2
6,508E+2
6,010E+2
5,319E+2
6,240E+2
6,298E+2
6,920E+2
6,039E+2
6,398E+2
5,001E+2
7,199E+2
5,914E+2
6,269E+2
6,469E+2
6,400E+2
5,934E+2
6,583E+2
5,280E+2
6,522E+2
5,710E+2
6,553E+2
5,601E+2
5,825E+2
6,218E+2
6,099E+2
5,695E+2
6,187E+2
5,614E+2
6,488E+2
2,213E+2
5,979E+2
6,526E+2
6,048E+2
5,987E+2
6,170E+2
6,051E+2
6,408E+2
6,146E+2
5,594E+2
4,896E+2
6,551E+2
4,945E+2
6,470E+2
4,692E+2
6,210E+2
6,767E+2
5,445E+2
6,319E+2
6,105E+2
5,622E+2
6,685E+2
5,952E+2
6,304E+2
5,703E+2
5,705E+2
5,988E+2
5,696E+2
6,687E+2
3,417E+2
5,928E+2
6,243E+2
6,295E+2
6,521E+2
5,782E+2
6,216E+2
6,128E+2
6,604E+2
5,780E+2
6,094E+2
5,453E+2
6,548E+2
5,732E+2
5,826E+2
6,000E+2
3,121E+2
5,993E+2
5,789E+2
5,397E+2
5,219E+2
5,891E+2
5,505E+2
5,492E+2
5,770E+2
4,831E+2
5,698E+2
4,987E+2
5,376E+2
5,887E+2
5,352E+2
5,900E+2
5,802E+2
6,004E+2
6,125E+2
5,921E+2
5,791E+2
5,883E+2
5,745E+2
6,174E+2
6,177E+2
6,212E+2
6,586E+2
5,800E+2
5,897E+2
5,999E+2
6,177E+2
6,718E+2
6,192E+2
5,980E+2
6,616E+2
6,488E+2
6,249E+2
5,328E+2
5,179E+2
5,535E+2
5,825E+2
4,744E+2
6,225E+2
6,573E+2
5,388E+2
5,225E+2
4,506E+2
6,902E+2
4,601E+2
6,508E+2
5,517E+2
6,479E+2
2,246E+2
4,943E+2
6,295E+2
6,662E+2
4,946E+2
6,143E+2
5,894E+2
5,786E+2
6,901E+2
5,298E+2
6,215E+2
5,791E+2
5,991E+2
5,021E+2
5,903E+2
5,272E+2
4,510E+2
5,568E+2
5,399E+2
4,645E+2
5,926E+2
5,594E+2
5,239E+2
5,544E+2
5,134E+2
5,582E+2
5,178E+2
5,592E+2
5,601E+2
5,941E+2
6,200E+2
6,171E+2
4,606E+2
4,385E+2
5,333E+2
6,766E+2
2,531E+2
5,619E+2
7,329E+2
6,065E+2
5,984E+2
6,332E+2
6,095E+2
6,172E+2
5,518E+2
4,909E+2
5,217E+2
5,540E+2
2,119E+2
7,293E+2
5,799E+2
8,116E+2
5,665E+2
6,919E+2
5,126E+2
6,631E+2
6,634E+2
7,735E+2
7,135E+2
4,299E+2
4,554E+2
4,618E+2
4,265E+2
4,819E+2
4,530E+2
4,303E+2
3,820E+2
4,311E+2
4,388E+2
4,089E+2
3,969E+2
3,787E+2
4,844E+2
5,035E+2
3,902E+2
4,071E+2
4,125E+2
2,890E+2
4,522E+2
3,886E+2
4,696E+2
5,089E+2
5,852E+2
5,511E+2
3,160E+2
5,464E+2
5,704E+2
