2,278E+2
2,706E+2
2,289E+2
2,480E+2
2,862E+2
2,297E+2
2,307E+2
3,011E+2
2,908E+2
2,499E+2
2,099E+2
2,315E+2
2,799E+2
2,212E+2
2,889E+2
2,884E+2
2,190E+2
3,009E+2
2,318E+2
2,709E+2
2,194E+2
2,760E+2
2,202E+2
2,617E+2
2,566E+2
2,465E+2
2,519E+2
2,119E+2
2,933E+2
2,378E+2
2,606E+2
2,236E+2
3,051E+2
2,221E+2
2,124E+2
2,295E+2
2,850E+2
2,394E+2
2,490E+2
2,369E+2
2,774E+2
2,333E+2
2,153E+2
2,302E+2
2,154E+2
2,201E+2
2,210E+2
2,737E+2
2,107E+2
2,888E+2
2,919E+2
2,076E+2
2,592E+2
2,306E+2
2,128E+2
2,799E+2
2,865E+2
2,309E+2
2,390E+2
2,407E+2
2,919E+2
8,357E+2
2,194E+2
2,099E+2
2,770E+2
2,092E+2
2,417E+2
2,602E+2
2,787E+2
2,599E+2
2,593E+2
2,170E+2
2,118E+2
2,755E+2
2,085E+2
2,328E+2
2,569E+2
2,714E+2
2,178E+2
2,411E+2
2,494E+2
2,807E+2
2,861E+2
3,061E+2
2,721E+2
2,201E+2
2,818E+2
2,161E+2
2,084E+2
2,118E+2
2,564E+2
2,099E+2
2,663E+2
2,126E+2
2,411E+2
2,621E+2
2,468E+2
2,050E+2
2,614E+2
2,130E+2
2,369E+2
2,070E+2
2,091E+2
2,211E+2
2,306E+2
2,437E+2
2,803E+2
2,311E+2
2,477E+2
2,098E+2
2,556E+2
3,077E+2
2,059E+2
2,635E+2
2,103E+2
2,196E+2
2,490E+2
2,308E+2
2,412E+2
2,254E+2
2,774E+2
2,392E+2
2,200E+2
2,121E+2
2,288E+2
2,140E+2
2,190E+2
2,380E+2
2,051E+2
2,101E+2
2,200E+2
2,192E+2
2,159E+2
2,484E+2
2,999E+2
2,623E+2
2,626E+2
2,321E+2
3,316E+2
2,095E+2
2,142E+2
2,057E+2
2,891E+2
2,070E+2
2,246E+2
2,526E+2
2,107E+2
2,774E+2
2,171E+2
2,821E+2
2,418E+2
2,101E+2
2,223E+2
2,583E+2
2,407E+2
2,221E+2
2,540E+2
2,783E+2
2,139E+2
3,204E+2
2,618E+2
2,255E+2
3,094E+2
2,673E+2
2,405E+2
2,798E+2
2,380E+2
2,675E+2
2,499E+2
2,152E+2
2,574E+2
2,184E+2
2,108E+2
2,129E+2
2,877E+2
2,691E+2
3,399E+2
3,096E+2
3,019E+2
2,202E+2
2,086E+2
2,075E+2
2,199E+2
2,095E+2
2,744E+2
2,309E+2
3,039E+2
2,487E+2
2,974E+2
3,260E+2
2,066E+2
3,175E+2
2,071E+2
3,673E+2
2,383E+2
3,026E+2
2,584E+2
2,182E+2
2,607E+2
2,317E+2
2,319E+2
2,069E+2
2,296E+2
2,627E+2
2,381E+2
2,312E+2
2,617E+2
2,693E+2
2,133E+2
2,097E+2
2,692E+2
2,522E+2
2,685E+2
2,885E+2
2,991E+2
2,138E+2
2,478E+2
2,922E+2
2,193E+2
2,554E+2
2,319E+2
2,118E+2
2,162E+2
2,099E+2
2,312E+2
2,386E+2
2,134E+2
2,700E+2
2,401E+2
2,514E+2
2,420E+2
2,133E+2
2,215E+2
2,259E+2
2,126E+2
2,207E+2
2,755E+2
2,472E+2
2,169E+2
2,105E+2
2,187E+2
2,901E+2
2,278E+2
2,712E+2
2,777E+2
2,327E+2
2,293E+2
2,113E+2
2,685E+2
2,901E+2
2,231E+2
2,166E+2
2,149E+2
2,749E+2
2,104E+2
2,197E+2
2,181E+2
2,197E+2
2,306E+2
2,146E+2
3,024E+2
2,209E+2
2,074E+2
2,393E+2
2,150E+2
2,060E+2
2,320E+2
2,711E+2
2,179E+2
2,109E+2
2,500E+2
2,128E+2
2,106E+2
2,162E+2
2,233E+2
2,386E+2
2,310E+2
2,378E+2
2,455E+2
2,322E+2
2,294E+2
2,191E+2
2,624E+2
2,675E+2
2,487E+2
2,123E+2
2,308E+2
2,627E+2
2,431E+2
2,211E+2
2,082E+2
2,614E+2
2,121E+2
2,266E+2
2,084E+2
2,206E+2
2,384E+2
2,286E+2
2,197E+2
2,397E+2
2,701E+2
2,910E+2
2,223E+2
3,032E+2
2,593E+2
2,088E+2
2,213E+2
2,558E+2
2,092E+2
2,973E+2
2,371E+2
2,070E+2
2,458E+2
2,298E+2
2,128E+2
2,072E+2
2,127E+2
2,202E+2
2,681E+2
2,198E+2
2,099E+2
2,518E+2
2,600E+2
2,814E+2
2,595E+2
2,176E+2
2,160E+2
2,782E+2
2,097E+2
2,725E+2
2,279E+2
2,458E+2
2,503E+2
2,599E+2
2,267E+2
2,305E+2
2,893E+2
2,570E+2
2,607E+2
2,194E+2
2,551E+2
2,086E+2
2,505E+2
2,137E+2
2,104E+2
2,184E+2
2,377E+2
2,091E+2
2,800E+2
2,095E+2
2,226E+2
2,303E+2
2,322E+2
2,100E+2
2,401E+2
2,305E+2
2,193E+2
2,087E+2
2,130E+2
2,218E+2
2,070E+2
2,114E+2
2,258E+2
2,586E+2
2,097E+2
2,077E+2
2,223E+2
2,699E+2
2,188E+2
2,089E+2
2,137E+2
2,251E+2
2,183E+2
2,490E+2
2,105E+2
2,578E+2
2,707E+2
2,070E+2
2,093E+2
2,173E+2
2,130E+2
2,106E+2
2,207E+2
2,604E+2
2,389E+2
2,230E+2
2,193E+2
2,953E+2
2,790E+2
2,098E+2
2,359E+2
2,385E+2
2,188E+2
2,687E+2
2,517E+2
2,681E+2
3,082E+2
2,402E+2
2,075E+2
2,579E+2
2,684E+2
2,590E+2
2,466E+2
2,196E+2
2,282E+2
2,413E+2
2,792E+2
2,221E+2
2,635E+2
2,317E+2
2,122E+2
2,199E+2
2,213E+2
2,880E+2
2,525E+2
2,331E+2
2,106E+2
2,508E+2
2,623E+2
2,791E+2
2,196E+2
2,731E+2
2,587E+2
2,180E+2
2,703E+2
2,412E+2
2,393E+2
3,360E+2
2,149E+2
2,184E+2
2,471E+2
2,418E+2
2,221E+2
3,188E+2
2,119E+2
2,403E+2
2,418E+2
2,094E+2
2,125E+2
2,074E+2
2,505E+2
2,107E+2
2,407E+2
2,490E+2
2,078E+2
2,692E+2
2,403E+2
2,689E+2
2,154E+2
2,257E+2
2,725E+2
2,318E+2
2,158E+2
2,326E+2
2,922E+2
2,283E+2
2,951E+2
3,414E+2
2,693E+2
2,509E+2
2,755E+2
2,174E+2
2,087E+2
2,102E+2
2,487E+2
2,496E+2
2,681E+2
2,126E+2
2,288E+2
2,286E+2
2,324E+2
2,517E+2
2,449E+2
2,313E+2
2,140E+2
2,480E+2
2,168E+2
2,858E+2
2,274E+2
2,108E+2
2,578E+2
2,295E+2
2,225E+2
2,123E+2
2,065E+2
2,601E+2
2,210E+2
2,909E+2
2,519E+2
2,087E+2
2,694E+2
2,319E+2
2,595E+2
2,266E+2
2,620E+2
2,624E+2
2,130E+2
2,211E+2
2,608E+2
2,957E+2
