5,922E+2
5,922E+2
5,865E+2
6,041E+2
6,287E+2
6,015E+2
5,726E+2
5,670E+2
6,065E+2
5,930E+2
5,784E+2
5,398E+2
5,900E+2
6,666E+2
8,498E+2
6,229E+2
6,232E+2
5,634E+2
5,814E+2
6,092E+2
5,274E+2
7,641E+2
6,013E+2
6,011E+2
5,733E+2
5,981E+2
5,687E+2
6,407E+2
5,404E+2
5,676E+2
6,581E+2
6,112E+2
5,612E+2
5,714E+2
5,768E+2
6,110E+2
5,700E+2
5,511E+2
5,749E+2
6,446E+2
5,981E+2
5,916E+2
5,815E+2
7,382E+2
5,612E+2
8,113E+2
7,018E+2
5,858E+2
6,030E+2
6,715E+2
9,105E+2
7,752E+2
6,440E+2
7,600E+2
6,095E+2
6,302E+2
7,363E+2
6,090E+2
6,854E+2
6,206E+2
5,726E+2
5,978E+2
5,997E+2
6,225E+2
5,972E+2
5,808E+2
6,005E+2
6,709E+2
8,086E+2
6,109E+2
6,713E+2
5,529E+2
5,307E+2
5,323E+2
5,389E+2
6,147E+2
6,409E+2
6,193E+2
4,144E+2
6,289E+2
6,530E+2
6,687E+2
4,527E+2
6,259E+2
5,388E+2
4,332E+2
6,379E+2
6,692E+2
5,598E+2
5,713E+2
5,874E+2
5,378E+2
7,259E+2
5,794E+2
7,216E+2
5,233E+2
6,563E+2
5,096E+2
7,308E+2
5,775E+2
5,512E+2
6,377E+2
6,078E+2
5,511E+2
6,096E+2
5,614E+2
4,699E+2
9,872E+2
6,209E+2
8,315E+2
5,912E+2
6,163E+2
6,436E+2
6,109E+2
4,993E+2
6,230E+2
5,804E+2
6,728E+2
7,084E+2
5,885E+2
6,008E+2
6,263E+2
6,342E+2
5,299E+2
6,477E+2
6,016E+2
5,785E+2
5,733E+2
5,598E+2
5,646E+2
6,018E+2
5,789E+2
5,985E+2
5,728E+2
6,289E+2
5,749E+2
5,694E+2
5,813E+2
5,903E+2
5,886E+2
7,084E+2
6,067E+2
6,499E+2
5,798E+2
6,123E+2
5,690E+2
5,504E+2
5,834E+2
5,926E+2
7,405E+2
5,420E+2
5,407E+2
5,788E+2
5,581E+2
7,218E+2
6,095E+2
5,191E+2
6,159E+2
6,081E+2
6,783E+2
5,877E+2
5,721E+2
5,239E+2
5,949E+2
6,723E+2
5,630E+2
7,337E+2
5,936E+2
5,328E+2
6,014E+2
7,856E+2
5,839E+2
5,985E+2
5,806E+2
6,152E+2
5,497E+2
6,198E+2
6,000E+2
5,609E+2
5,418E+2
6,100E+2
5,886E+2
6,888E+2
6,103E+2
6,194E+2
6,276E+2
5,855E+2
5,636E+2
6,336E+2
5,820E+2
7,694E+2
5,397E+2
6,076E+2
5,356E+2
6,008E+2
5,935E+2
5,963E+2
6,113E+2
6,079E+2
4,799E+2
6,186E+2
5,890E+2
6,208E+2
6,030E+2
6,374E+2
6,705E+2
6,201E+2
5,913E+2
7,862E+2
5,818E+2
5,793E+2
5,758E+2
5,715E+2
8,769E+2
5,969E+2
5,508E+2
5,456E+2
5,887E+2
5,911E+2
5,434E+2
6,097E+2
5,392E+2
6,106E+2
6,703E+2
5,826E+2
5,497E+2
5,218E+2
5,728E+2
6,310E+2
5,657E+2
6,211E+2
7,316E+2
6,688E+2
6,102E+2
5,913E+2
5,889E+2
6,200E+2
5,598E+2
6,090E+2
6,313E+2
5,805E+2
5,718E+2
5,267E+2
7,168E+2
6,178E+2
5,157E+2
5,977E+2
5,380E+2
7,494E+2
5,996E+2
5,296E+2
5,424E+2
6,796E+2
6,050E+2
5,039E+2
5,901E+2
7,055E+2
5,599E+2
6,273E+2
6,035E+2
5,689E+2
8,432E+2
5,740E+2
5,206E+2
5,664E+2
5,605E+2
5,901E+2
6,175E+2
5,191E+2
5,379E+2
6,290E+2
6,690E+2
4,705E+2
5,611E+2
6,353E+2
6,608E+2
5,888E+2
5,996E+2
5,806E+2
5,783E+2
5,317E+2
8,381E+2
6,010E+2
6,139E+2
6,565E+2
7,436E+2
6,005E+2
5,875E+2
8,153E+2
6,111E+2
8,672E+2
5,478E+2
7,854E+2
6,189E+2
6,504E+2
5,708E+2
5,981E+2
5,326E+2
5,761E+2
5,277E+2
5,885E+2
5,594E+2
5,611E+2
5,486E+2
5,723E+2
6,222E+2
5,771E+2
6,254E+2
6,291E+2
5,571E+2
6,292E+2
5,921E+2
6,821E+2
6,317E+2
5,960E+2
7,568E+2
6,353E+2
5,992E+2
6,894E+2
5,296E+2
6,910E+2
6,011E+2
7,033E+2
6,872E+2
5,999E+2
5,442E+2
5,795E+2
5,912E+2
5,710E+2
6,288E+2
5,684E+2
5,724E+2
6,573E+2
5,784E+2
6,000E+2
6,722E+2
7,070E+2
7,404E+2
6,923E+2
5,247E+2
5,620E+2
5,322E+2
4,976E+2
5,932E+2
5,425E+2
6,017E+2
5,960E+2
7,428E+2
5,822E+2
5,258E+2
5,714E+2
5,682E+2
7,233E+2
5,987E+2
8,212E+2
5,884E+2
5,879E+2
5,905E+2
6,133E+2
5,892E+2
5,913E+2
6,378E+2
5,883E+2
6,602E+2
6,002E+2
5,748E+2
5,423E+2
6,083E+2
6,616E+2
5,474E+2
6,173E+2
5,740E+2
5,814E+2
7,270E+2
5,782E+2
5,825E+2
5,710E+2
5,592E+2
5,614E+2
6,290E+2
6,294E+2
6,722E+2
6,098E+2
6,013E+2
5,798E+2
6,303E+2
6,791E+2
5,424E+2
6,915E+2
5,502E+2
5,525E+2
5,513E+2
6,182E+2
7,604E+2
5,980E+2
5,862E+2
6,613E+2
6,684E+2
6,055E+2
5,470E+2
5,775E+2
5,595E+2
5,378E+2
5,680E+2
7,910E+2
5,628E+2
5,595E+2
5,912E+2
6,018E+2
6,075E+2
7,562E+2
5,627E+2
6,177E+2
5,682E+2
6,066E+2
5,644E+2
6,406E+2
5,809E+2
5,957E+2
7,084E+2
5,378E+2
5,757E+2
6,011E+2
7,161E+2
5,694E+2
5,411E+2
5,312E+2
5,736E+2
7,814E+2
5,761E+2
5,571E+2
6,090E+2
6,754E+2
5,530E+2
6,597E+2
6,789E+2
3,197E+2
4,517E+2
7,803E+2
6,779E+2
9,771E+2
6,182E+2
6,191E+2
5,776E+2
7,652E+2
8,260E+2
5,017E+2
5,982E+2
6,083E+2
6,151E+2
5,532E+2
5,425E+2
5,494E+2
8,992E+2
6,006E+2
4,703E+2
6,630E+2
6,584E+2
6,019E+2
5,712E+2
4,700E+2
5,176E+2
7,040E+2
5,666E+2
5,690E+2
5,801E+2
5,374E+2
5,644E+2
6,011E+2
5,992E+2
5,740E+2
5,592E+2
6,009E+2
5,625E+2
5,395E+2
5,945E+2
5,408E+2
6,226E+2
5,812E+2
5,586E+2
7,662E+2
6,024E+2
5,696E+2
6,634E+2
5,760E+2
6,102E+2
6,255E+2
6,216E+2
6,245E+2
5,800E+2
6,008E+2
5,514E+2
6,600E+2
6,017E+2
6,318E+2
5,679E+2
6,176E+2
6,068E+2
6,141E+2
6,889E+2
