1,201E+3
1,056E+3
1,137E+3
1,206E+3
1,114E+3
1,029E+3
9,313E+2
1,212E+3
1,205E+3
1,102E+3
1,098E+3
9,843E+2
1,238E+3
1,248E+3
1,111E+3
4,517E+2
1,253E+3
8,600E+2
1,214E+3
1,236E+3
3,620E+2
1,118E+3
1,118E+3
1,122E+3
1,218E+3
1,155E+3
5,064E+2
1,145E+3
3,589E+2
1,031E+3
1,140E+3
1,070E+3
1,242E+3
3,099E+2
1,062E+3
9,294E+2
5,771E+2
1,139E+3
1,135E+3
1,097E+3
1,235E+3
9,568E+2
4,115E+2
1,130E+3
8,856E+2
1,032E+3
1,101E+3
1,229E+3
1,114E+3
1,080E+3
1,232E+3
1,018E+3
1,210E+3
1,083E+3
1,157E+3
7,363E+2
1,118E+3
5,476E+2
1,199E+3
1,144E+3
1,195E+3
1,170E+3
1,130E+3
1,160E+3
8,803E+2
1,172E+3
1,224E+3
5,578E+2
1,050E+3
1,267E+3
1,276E+3
1,027E+3
1,070E+3
1,210E+3
1,192E+3
8,506E+2
1,159E+3
8,942E+2
9,406E+2
1,140E+3
1,090E+3
1,058E+3
1,065E+3
1,180E+3
7,942E+2
4,294E+2
7,029E+2
9,066E+2
1,306E+3
1,189E+3
1,279E+3
1,029E+3
9,017E+2
1,226E+3
1,087E+3
1,051E+3
9,872E+2
1,192E+3
1,108E+3
1,262E+3
1,243E+3
1,191E+3
5,631E+2
1,222E+3
1,141E+3
1,080E+3
1,132E+3
1,082E+3
1,149E+3
1,104E+3
1,203E+3
5,785E+2
1,028E+3
1,159E+3
5,531E+2
1,174E+3
9,967E+2
1,212E+3
9,757E+2
1,189E+3
1,098E+3
1,072E+3
1,179E+3
1,229E+3
1,188E+3
1,062E+3
1,061E+3
7,983E+2
1,252E+3
1,019E+3
1,110E+3
5,305E+2
5,906E+2
1,079E+3
8,256E+2
1,224E+3
1,042E+3
1,203E+3
8,571E+2
9,129E+2
1,173E+3
1,090E+3
1,059E+3
1,121E+3
1,164E+3
1,221E+3
9,236E+2
1,211E+3
1,311E+3
1,129E+3
7,011E+2
9,979E+2
1,249E+3
1,167E+3
1,279E+3
1,001E+3
1,131E+3
9,593E+2
1,141E+3
3,593E+2
4,349E+2
3,220E+2
6,120E+2
1,057E+3
9,387E+2
1,124E+3
1,052E+3
6,913E+2
4,180E+2
6,588E+2
1,054E+3
5,194E+2
9,998E+2
1,150E+3
1,203E+3
1,201E+3
1,150E+3
3,098E+2
1,099E+3
8,954E+2
1,140E+3
1,081E+3
3,384E+2
1,040E+3
9,981E+2
9,002E+2
1,169E+3
1,182E+3
6,942E+2
1,026E+3
1,073E+3
1,215E+3
4,009E+2
5,282E+2
1,074E+3
1,203E+3
9,174E+2
3,889E+2
1,151E+3
8,786E+2
1,162E+3
1,249E+3
1,236E+3
1,228E+3
1,256E+3
1,131E+3
1,211E+3
1,260E+3
1,210E+3
1,151E+3
1,197E+3
1,063E+3
3,192E+2
1,211E+3
5,767E+2
9,550E+2
1,214E+3
1,161E+3
1,149E+3
1,141E+3
1,270E+3
1,190E+3
1,256E+3
1,197E+3
1,100E+3
1,130E+3
1,153E+3
1,309E+3
1,310E+3
1,104E+3
1,177E+3
1,164E+3
1,184E+3
1,291E+3
1,170E+3
3,282E+2
1,180E+3
1,232E+3
3,778E+2
1,196E+3
1,105E+3
1,139E+3
1,203E+3
5,794E+2
1,155E+3
1,235E+3
1,018E+3
1,267E+3
1,316E+3
9,586E+2
1,136E+3
1,088E+3
8,351E+2
1,122E+3
9,186E+2
1,170E+3
1,240E+3
1,228E+3
1,174E+3
9,925E+2
1,237E+3
1,092E+3
1,129E+3
1,150E+3
7,892E+2
1,229E+3
1,179E+3
4,944E+2
1,235E+3
1,238E+3
1,218E+3
9,905E+2
9,577E+2
1,063E+3
1,091E+3
8,157E+2
1,170E+3
1,221E+3
1,102E+3
8,191E+2
1,077E+3
1,261E+3
1,212E+3
6,937E+2
1,184E+3
1,227E+3
1,135E+3
1,020E+3
1,191E+3
1,109E+3
1,286E+3
1,248E+3
1,278E+3
9,672E+2
1,239E+3
1,338E+3
4,546E+2
1,121E+3
1,143E+3
1,191E+3
1,257E+3
1,188E+3
4,290E+2
6,481E+2
1,092E+3
3,302E+2
1,173E+3
7,391E+2
4,429E+2
1,271E+3
5,704E+2
7,557E+2
1,203E+3
4,882E+2
1,163E+3
9,316E+2
7,066E+2
1,033E+3
1,258E+3
5,168E+2
8,882E+2
1,266E+3
1,050E+3
1,160E+3
9,523E+2
1,229E+3
6,991E+2
8,601E+2
1,139E+3
6,217E+2
1,106E+3
1,054E+3
9,378E+2
1,089E+3
1,093E+3
9,845E+2
1,156E+3
1,039E+3
1,210E+3
9,493E+2
1,501E+3
1,083E+3
1,238E+3
8,903E+2
9,096E+2
1,162E+3
1,031E+3
8,190E+2
1,284E+3
3,902E+2
1,250E+3
1,027E+3
1,154E+3
1,071E+3
1,177E+3
6,368E+2
6,377E+2
1,043E+3
8,433E+2
1,131E+3
1,221E+3
5,386E+2
1,271E+3
6,567E+2
1,123E+3
4,185E+2
1,123E+3
6,078E+2
1,239E+3
7,206E+2
1,109E+3
9,297E+2
1,151E+3
1,190E+3
1,068E+3
1,030E+3
1,230E+3
8,200E+2
4,922E+2
1,199E+3
8,327E+2
7,622E+2
5,961E+2
1,310E+3
1,054E+3
9,755E+2
1,281E+3
1,232E+3
9,434E+2
1,191E+3
1,140E+3
9,603E+2
1,172E+3
4,505E+2
1,176E+3
6,919E+2
1,016E+3
1,158E+3
1,120E+3
1,067E+3
1,129E+3
1,029E+3
9,872E+2
1,169E+3
1,122E+3
1,210E+3
1,171E+3
9,731E+2
1,232E+3
1,117E+3
1,212E+3
1,072E+3
1,268E+3
7,112E+2
1,250E+3
1,102E+3
1,138E+3
1,276E+3
1,268E+3
1,117E+3
1,019E+3
1,174E+3
6,758E+2
1,257E+3
1,239E+3
1,159E+3
1,125E+3
8,145E+2
1,112E+3
9,830E+2
1,179E+3
1,334E+3
1,190E+3
1,189E+3
1,160E+3
1,213E+3
7,001E+2
1,130E+3
3,203E+2
9,205E+2
1,227E+3
1,178E+3
1,187E+3
6,333E+2
1,112E+3
3,062E+2
1,086E+3
1,067E+3
4,774E+2
3,091E+2
1,141E+3
1,210E+3
1,250E+3
1,110E+3
1,172E+3
9,510E+2
1,295E+3
1,082E+3
1,120E+3
6,776E+2
1,240E+3
3,600E+2
1,379E+3
4,411E+2
1,170E+3
5,471E+2
3,308E+2
1,140E+3
1,100E+3
4,825E+2
3,767E+2
1,105E+3
1,149E+3
1,209E+3
1,076E+3
1,148E+3
1,326E+3
1,142E+3
1,139E+3
1,062E+3
5,900E+2
1,050E+3
3,548E+2
1,248E+3
1,220E+3
7,814E+2
1,188E+3
1,053E+3
1,203E+3
1,219E+3
9,997E+2
8,541E+2
1,086E+3
1,245E+3
1,368E+3
1,092E+3
1,280E+3
1,110E+3
1,082E+3
1,119E+3
