3,101E+2
2,900E+2
1,519E+2
2,921E+2
2,152E+2
2,499E+2
2,120E+2
3,297E+2
3,682E+2
2,217E+2
3,300E+2
2,012E+2
3,361E+2
2,704E+2
1,930E+2
3,385E+2
1,320E+2
3,300E+2
3,376E+2
2,642E+2
2,174E+2
3,265E+2
3,076E+2
2,808E+2
2,640E+2
2,700E+2
2,228E+2
2,494E+2
2,571E+2
3,407E+2
2,175E+2
6,038E+2
2,509E+2
3,784E+2
2,848E+2
2,525E+2
4,490E+2
2,897E+2
3,065E+2
2,398E+2
3,365E+2
1,814E+2
4,118E+2
2,787E+2
3,882E+2
2,259E+2
3,981E+2
3,894E+2
3,524E+2
3,579E+2
2,074E+2
3,607E+2
1,903E+2
3,284E+2
2,182E+2
3,514E+2
3,686E+2
3,783E+2
2,059E+2
6,042E+2
3,692E+2
1,256E+2
3,514E+2
2,814E+2
2,975E+2
2,581E+2
3,586E+2
3,378E+2
3,194E+2
1,382E+2
4,422E+2
1,442E+2
2,416E+2
2,814E+2
3,117E+2
2,862E+2
2,068E+2
5,269E+2
1,193E+2
1,056E+2
1,482E+2
1,617E+2
4,097E+2
3,303E+2
3,289E+2
1,752E+2
2,291E+2
3,398E+2
2,627E+2
2,598E+2
2,920E+2
2,933E+2
1,795E+2
1,411E+2
1,734E+2
2,978E+2
1,101E+2
4,773E+2
3,543E+2
3,164E+2
2,317E+2
3,319E+2
2,413E+2
3,014E+2
1,322E+2
2,676E+2
2,695E+2
3,350E+2
1,954E+2
3,868E+2
2,196E+2
1,869E+2
1,511E+2
2,474E+2
3,162E+2
2,426E+2
1,606E+2
3,494E+2
2,716E+2
2,349E+2
2,695E+2
2,689E+2
2,877E+2
1,858E+2
3,665E+2
2,402E+2
1,394E+2
1,192E+2
1,786E+2
1,803E+2
2,239E+2
2,568E+2
2,589E+2
4,095E+2
3,892E+2
1,871E+2
1,846E+2
5,712E+2
2,352E+2
2,981E+2
3,263E+2
2,942E+2
2,501E+2
3,385E+2
2,861E+2
4,238E+2
4,609E+2
3,915E+2
3,387E+2
3,676E+2
2,928E+2
4,266E+2
4,471E+2
3,739E+2
3,846E+2
3,728E+2
1,639E+2
3,134E+2
3,135E+2
3,657E+2
2,544E+2
1,916E+2
1,272E+2
2,200E+2
2,305E+2
3,014E+2
2,581E+2
4,129E+2
2,140E+2
3,999E+2
3,070E+2
1,157E+2
2,082E+2
3,043E+2
1,491E+2
1,246E+2
2,002E+2
2,401E+2
3,989E+2
2,588E+2
3,593E+2
2,355E+2
3,335E+2
2,816E+2
2,318E+2
1,425E+2
1,207E+2
2,585E+2
3,082E+2
2,918E+2
2,609E+2
2,028E+2
2,263E+2
2,345E+2
2,524E+2
2,012E+2
2,421E+2
3,331E+2
3,313E+2
2,884E+2
3,642E+2
6,152E+2
3,612E+2
4,964E+2
2,883E+2
3,709E+2
4,368E+2
3,247E+2
5,162E+2
2,664E+2
2,712E+2
4,258E+2
6,175E+2
4,503E+2
3,992E+2
4,286E+2
6,146E+2
2,592E+2
3,306E+2
2,729E+2
4,448E+2
4,869E+2
3,500E+2
2,931E+2
5,339E+2
4,224E+2
4,491E+2
3,636E+2
5,741E+2
3,830E+2
4,623E+2
8,040E+2
5,179E+2
1,663E+2
3,815E+2
2,612E+2
4,285E+2
3,067E+2
3,715E+2
3,283E+2
3,321E+2
3,234E+2
3,421E+2
4,296E+2
3,256E+2
3,229E+2
3,912E+2
3,890E+2
4,196E+2
4,521E+2
3,278E+2
3,885E+2
3,744E+2
3,486E+2
3,916E+2
3,136E+2
4,399E+2
4,482E+2
5,112E+2
3,994E+2
3,396E+2
4,774E+2
4,517E+2
3,956E+2
3,880E+2
5,304E+2
3,488E+2
4,687E+2
4,400E+2
4,523E+2
4,125E+2
4,210E+2
3,191E+2
6,723E+2
7,391E+2
8,012E+2
3,801E+2
7,287E+2
3,825E+2
3,652E+2
4,957E+2
3,119E+2
3,540E+2
3,204E+2
2,447E+2
4,467E+2
7,972E+2
5,542E+2
4,202E+2
2,307E+2
4,782E+2
4,508E+2
3,419E+2
4,827E+2
1,983E+2
3,279E+2
4,042E+2
4,082E+2
4,974E+2
2,924E+2
3,068E+2
4,319E+2
4,740E+2
3,813E+2
4,092E+2
7,170E+2
3,894E+2
4,930E+2
1,107E+2
2,737E+2
3,782E+2
3,514E+2
4,109E+2
1,123E+2
3,443E+2
3,703E+2
2,609E+2
3,497E+2
3,905E+2
3,497E+2
3,560E+2
3,346E+2
2,906E+2
3,697E+2
3,987E+2
6,098E+2
3,594E+2
1,068E+2
3,568E+2
3,371E+2
3,115E+2
3,025E+2
4,010E+2
3,338E+2
3,335E+2
3,873E+2
3,812E+2
3,910E+2
3,087E+2
3,566E+2
3,273E+2
4,084E+2
3,858E+2
3,586E+2
3,299E+2
4,884E+2
2,584E+2
3,783E+2
3,346E+2
2,806E+2
2,705E+2
3,596E+2
4,245E+2
4,418E+2
3,894E+2
3,401E+2
2,106E+2
3,770E+2
3,854E+2
2,881E+2
3,462E+2
3,570E+2
3,350E+2
3,376E+2
3,013E+2
3,527E+2
4,013E+2
4,396E+2
2,523E+2
3,693E+2
3,680E+2
3,242E+2
4,094E+2
3,773E+2
5,173E+2
4,211E+2
5,881E+2
3,303E+2
2,622E+2
4,046E+2
2,999E+2
3,927E+2
3,630E+2
3,595E+2
4,074E+2
2,867E+2
4,056E+2
3,794E+2
4,202E+2
1,116E+2
3,095E+2
3,588E+2
2,261E+2
3,309E+2
3,417E+2
4,136E+2
3,795E+2
3,781E+2
3,886E+2
2,516E+2
3,212E+2
3,514E+2
2,735E+2
3,809E+2
2,131E+2
2,546E+2
3,828E+2
4,238E+2
2,326E+2
4,496E+2
4,088E+2
4,374E+2
1,239E+2
1,111E+2
3,151E+2
4,080E+2
3,106E+2
5,335E+2
3,851E+2
3,209E+2
4,540E+2
4,397E+2
2,014E+2
4,005E+2
3,450E+2
4,177E+2
3,825E+2
2,294E+2
3,275E+2
4,394E+2
1,079E+2
2,984E+2
4,250E+2
3,568E+2
2,920E+2
3,508E+2
4,090E+2
3,290E+2
3,326E+2
3,825E+2
3,913E+2
3,382E+2
3,352E+2
4,766E+2
7,531E+2
3,596E+2
3,198E+2
3,976E+2
6,428E+2
3,884E+2
3,501E+2
4,800E+2
3,494E+2
3,093E+2
3,065E+2
2,893E+2
2,973E+2
3,082E+2
3,585E+2
5,738E+2
3,611E+2
3,415E+2
3,745E+2
4,918E+2
3,926E+2
3,104E+2
3,574E+2
3,129E+2
2,938E+2
3,882E+2
3,593E+2
3,438E+2
4,540E+2
7,276E+2
7,077E+2
4,230E+2
3,232E+2
3,076E+2
4,310E+2
4,312E+2
3,904E+2
4,859E+2
4,371E+2
2,777E+2
4,195E+2
4,323E+2
4,344E+2
4,703E+2
4,622E+2
3,329E+2
2,865E+2
2,068E+2
4,575E+2
3,385E+2
2,397E+2
3,914E+2
3,166E+2
3,591E+2
1,275E+2
4,482E+2
