3,914E+2
4,195E+2
4,023E+2
4,091E+2
3,035E+2
3,993E+2
4,601E+2
1,178E+2
2,874E+2
4,303E+2
4,535E+2
2,306E+2
3,872E+2
3,316E+2
4,159E+2
4,029E+2
4,493E+2
1,966E+2
3,207E+2
4,092E+2
4,361E+2
3,955E+2
4,657E+2
4,313E+2
4,281E+2
4,126E+2
3,214E+2
3,477E+2
2,798E+2
4,052E+2
3,073E+2
3,090E+2
2,504E+2
3,466E+2
3,922E+2
3,698E+2
1,599E+2
2,633E+2
2,095E+2
1,281E+2
4,628E+2
4,779E+2
1,593E+2
2,928E+2
1,989E+2
1,069E+2
5,106E+2
5,325E+2
2,957E+2
4,891E+2
3,203E+2
3,477E+2
3,378E+2
4,240E+2
3,205E+2
3,312E+2
4,812E+2
5,228E+2
3,265E+2
3,721E+2
3,574E+2
4,186E+2
2,755E+2
3,825E+2
3,896E+2
3,997E+2
5,309E+2
1,588E+2
3,039E+2
1,616E+2
2,790E+2
4,596E+2
2,566E+2
3,947E+2
4,528E+2
4,464E+2
4,114E+2
4,179E+2
4,014E+2
2,314E+2
4,866E+2
2,182E+2
3,903E+2
3,928E+2
3,919E+2
4,095E+2
4,398E+2
2,889E+2
2,385E+2
5,212E+2
4,191E+2
4,196E+2
3,468E+2
4,314E+2
2,667E+2
1,376E+2
2,581E+2
3,682E+2
4,111E+2
2,621E+2
3,492E+2
2,282E+2
3,293E+2
4,449E+2
4,115E+2
4,476E+2
3,906E+2
3,597E+2
4,202E+2
4,695E+2
4,494E+2
3,998E+2
2,921E+2
1,870E+2
2,859E+2
4,265E+2
3,530E+2
3,642E+2
3,789E+2
4,478E+2
3,475E+2
2,390E+2
3,851E+2
3,837E+2
1,619E+2
4,082E+2
1,690E+2
3,687E+2
2,004E+2
3,733E+2
3,484E+2
3,398E+2
3,379E+2
3,319E+2
2,713E+2
3,605E+2
3,497E+2
3,977E+2
3,517E+2
4,222E+2
3,892E+2
4,296E+2
3,706E+2
3,977E+2
4,259E+2
4,641E+2
3,504E+2
4,282E+2
4,086E+2
1,310E+2
2,895E+2
4,317E+2
3,440E+2
3,834E+2
4,032E+2
3,635E+2
5,365E+2
4,008E+2
3,105E+2
3,912E+2
4,799E+2
3,529E+2
3,610E+2
4,986E+2
4,015E+2
1,557E+2
3,715E+2
4,215E+2
4,307E+2
1,619E+2
4,042E+2
3,049E+2
4,996E+2
3,725E+2
3,415E+2
4,404E+2
4,405E+2
4,481E+2
4,217E+2
3,773E+2
3,481E+2
3,610E+2
3,084E+2
4,415E+2
3,990E+2
3,040E+2
3,673E+2
3,808E+2
2,797E+2
4,313E+2
3,600E+2
4,438E+2
4,165E+2
3,495E+2
3,679E+2
4,184E+2
4,160E+2
3,498E+2
7,036E+2
5,346E+2
3,845E+2
2,602E+2
3,678E+2
2,802E+2
4,490E+2
3,325E+2
1,493E+2
3,816E+2
2,920E+2
3,384E+2
3,595E+2
3,512E+2
2,008E+2
2,372E+2
3,793E+2
2,922E+2
4,928E+2
3,841E+2
3,908E+2
2,591E+2
3,594E+2
4,342E+2
2,163E+2
3,996E+2
4,296E+2
2,560E+2
4,523E+2
4,232E+2
3,297E+2
4,466E+2
3,986E+2
5,125E+2
2,720E+2
3,289E+2
2,569E+2
2,478E+2
4,020E+2
4,085E+2
4,122E+2
4,076E+2
3,127E+2
2,699E+2
2,483E+2
5,455E+2
3,378E+2
1,542E+2
3,238E+2
3,782E+2
3,317E+2
4,648E+2
3,346E+2
2,375E+2
1,726E+2
4,395E+2
1,097E+2
4,584E+2
1,385E+2
3,136E+2
4,632E+2
4,204E+2
1,790E+2
3,018E+2
2,896E+2
4,006E+2
3,166E+2
4,388E+2
4,040E+2
3,779E+2
2,712E+2
4,013E+2
3,804E+2
4,284E+2
4,590E+2
4,217E+2
3,762E+2
3,950E+2
3,521E+2
3,198E+2
3,901E+2
3,712E+2
3,708E+2
3,644E+2
4,047E+2
4,304E+2
1,911E+2
3,629E+2
3,649E+2
3,807E+2
3,479E+2
2,633E+2
2,665E+2
3,594E+2
3,348E+2
4,289E+2
3,916E+2
3,289E+2
4,219E+2
3,698E+2
3,707E+2
4,076E+2
2,075E+2
2,999E+2
3,670E+2
4,102E+2
3,581E+2
3,201E+2
4,658E+2
1,181E+2
1,841E+2
3,791E+2
4,469E+2
4,347E+2
3,372E+2
4,791E+2
2,132E+2
4,535E+2
3,393E+2
4,216E+2
4,305E+2
3,510E+2
3,915E+2
1,143E+2
4,092E+2
2,676E+2
4,120E+2
4,487E+2
4,841E+2
4,534E+2
1,405E+2
2,423E+2
4,195E+2
4,335E+2
3,137E+2
3,139E+2
4,586E+2
3,815E+2
3,983E+2
4,099E+2
3,603E+2
4,709E+2
4,291E+2
2,124E+2
3,591E+2
4,257E+2
4,011E+2
4,440E+2
2,093E+2
1,664E+2
3,504E+2
2,880E+2
3,642E+2
3,506E+2
4,115E+2
4,006E+2
4,221E+2
2,961E+2
3,473E+2
2,077E+2
3,598E+2
3,831E+2
3,906E+2
2,198E+2
4,151E+2
4,563E+2
4,201E+2
3,425E+2
2,729E+2
1,687E+2
3,880E+2
4,360E+2
3,789E+2
4,875E+2
3,981E+2
4,147E+2
4,335E+2
3,410E+2
3,427E+2
4,385E+2
2,047E+2
3,407E+2
4,629E+2
3,055E+2
4,185E+2
3,498E+2
3,611E+2
3,610E+2
3,991E+2
3,425E+2
3,506E+2
4,242E+2
2,812E+2
3,866E+2
2,942E+2
3,704E+2
2,683E+2
2,469E+2
1,155E+2
4,409E+2
2,021E+2
3,380E+2
3,965E+2
2,200E+2
3,851E+2
4,180E+2
4,066E+2
3,596E+2
4,018E+2
3,917E+2
2,474E+2
3,970E+2
4,430E+2
1,594E+2
3,482E+2
3,715E+2
4,057E+2
3,920E+2
4,711E+2
4,000E+2
3,493E+2
4,610E+2
4,015E+2
3,876E+2
3,695E+2
3,725E+2
3,977E+2
3,696E+2
3,996E+2
3,517E+2
4,531E+2
3,502E+2
3,879E+2
4,308E+2
3,600E+2
4,232E+2
2,412E+2
3,961E+2
2,494E+2
4,295E+2
4,196E+2
3,490E+2
3,148E+2
3,586E+2
3,837E+2
2,807E+2
2,207E+2
3,099E+2
4,452E+2
3,902E+2
2,703E+2
4,717E+2
4,267E+2
3,133E+2
3,522E+2
3,673E+2
1,787E+2
3,879E+2
1,948E+2
4,368E+2
3,910E+2
3,183E+2
3,701E+2
3,741E+2
4,328E+2
3,820E+2
4,290E+2
3,095E+2
4,678E+2
5,016E+2
3,314E+2
3,790E+2
3,488E+2
3,345E+2
1,400E+2
1,156E+2
4,229E+2
2,904E+2
4,014E+2
4,316E+2
3,409E+2
4,336E+2
3,647E+2
4,020E+2
1,507E+2
3,707E+2
3,518E+2
2,013E+2
3,606E+2
1,794E+2
3,100E+2
1,610E+2
4,452E+2
3,763E+2
2,285E+2
2,795E+2
4,567E+2
4,567E+2
3,697E+2
3,924E+2
4,492E+2
3,702E+2
