6,342E+2
9,999E+2
2,500E+2
9,890E+2
9,477E+2
3,245E+2
6,100E+2
8,832E+2
6,423E+2
4,202E+2
1,047E+3
8,290E+2
1,018E+3
2,801E+2
7,073E+2
2,245E+2
2,407E+2
2,234E+2
2,409E+2
2,584E+2
9,334E+2
9,873E+2
9,332E+2
3,997E+2
9,923E+2
3,582E+2
3,200E+2
9,784E+2
2,280E+2
2,462E+2
2,373E+2
5,211E+2
2,603E+2
3,603E+2
4,508E+2
3,028E+2
2,396E+2
9,722E+2
9,014E+2
2,741E+2
2,494E+2
1,021E+3
7,671E+2
3,305E+2
2,827E+2
1,041E+3
1,067E+3
3,020E+2
3,231E+2
9,181E+2
8,609E+2
2,212E+2
8,386E+2
9,994E+2
9,320E+2
9,688E+2
1,037E+3
5,469E+2
5,983E+2
9,945E+2
2,798E+2
9,722E+2
3,395E+2
2,978E+2
6,929E+2
8,985E+2
9,780E+2
9,615E+2
9,558E+2
6,419E+2
2,173E+2
8,106E+2
1,037E+3
3,486E+2
7,628E+2
1,042E+3
2,297E+2
1,001E+3
9,808E+2
4,289E+2
3,293E+2
9,883E+2
2,648E+2
9,454E+2
1,060E+3
9,759E+2
3,987E+2
2,342E+2
2,284E+2
2,808E+2
3,301E+2
1,071E+3
2,228E+2
2,103E+2
2,724E+2
3,190E+2
2,272E+2
3,297E+2
2,090E+2
3,947E+2
9,561E+2
9,793E+2
3,200E+2
9,072E+2
5,334E+2
1,099E+3
9,798E+2
7,936E+2
4,823E+2
2,645E+2
3,515E+2
2,716E+2
4,286E+2
3,082E+2
3,906E+2
9,738E+2
2,410E+2
9,814E+2
3,497E+2
4,008E+2
9,096E+2
2,722E+2
9,602E+2
2,252E+2
2,820E+2
9,404E+2
3,265E+2
6,903E+2
2,719E+2
4,196E+2
7,074E+2
9,414E+2
3,439E+2
2,805E+2
3,600E+2
2,085E+2
2,690E+2
5,810E+2
3,948E+2
1,049E+3
2,395E+2
3,212E+2
1,107E+3
9,454E+2
1,088E+3
6,890E+2
2,230E+2
5,565E+2
3,388E+2
3,408E+2
9,895E+2
2,796E+2
3,531E+2
9,636E+2
4,090E+2
3,298E+2
9,950E+2
2,952E+2
4,088E+2
9,922E+2
9,887E+2
8,658E+2
2,127E+2
3,698E+2
5,879E+2
9,304E+2
3,510E+2
3,278E+2
8,979E+2
3,920E+2
3,614E+2
3,065E+2
2,192E+2
2,658E+2
9,852E+2
5,129E+2
7,318E+2
4,003E+2
8,859E+2
4,064E+2
2,116E+2
3,828E+2
2,899E+2
2,099E+2
3,004E+2
1,050E+3
3,238E+2
2,569E+2
9,773E+2
9,509E+2
9,591E+2
9,187E+2
3,073E+2
5,451E+2
3,415E+2
2,821E+2
8,891E+2
9,783E+2
2,500E+2
9,876E+2
4,525E+2
2,309E+2
3,480E+2
9,099E+2
4,018E+2
9,933E+2
3,985E+2
9,930E+2
3,107E+2
4,306E+2
1,004E+3
2,736E+2
2,263E+2
5,202E+2
7,523E+2
9,414E+2
9,088E+2
1,081E+3
2,571E+2
9,572E+2
9,336E+2
8,316E+2
3,291E+2
9,470E+2
2,080E+2
2,988E+2
9,660E+2
2,899E+2
9,004E+2
3,091E+2
8,686E+2
2,870E+2
9,208E+2
3,002E+2
8,847E+2
4,414E+2
2,308E+2
9,226E+2
1,081E+3
1,096E+3
9,016E+2
3,799E+2
3,503E+2
9,135E+2
6,302E+2
8,384E+2
5,170E+2
8,351E+2
2,895E+2
8,913E+2
8,175E+2
1,019E+3
2,061E+2
2,130E+2
2,945E+2
3,203E+2
8,672E+2
2,391E+2
3,537E+2
3,056E+2
8,903E+2
8,887E+2
8,043E+2
3,246E+2
2,200E+2
2,595E+2
2,732E+2
9,303E+2
4,181E+2
1,034E+3
9,326E+2
2,800E+2
8,891E+2
2,571E+2
1,008E+3
2,649E+2
9,784E+2
9,357E+2
2,733E+2
9,440E+2
3,237E+2
3,026E+2
1,042E+3
3,493E+2
9,199E+2
8,781E+2
9,213E+2
9,879E+2
3,248E+2
9,100E+2
9,688E+2
2,580E+2
8,859E+2
3,394E+2
8,185E+2
8,740E+2
1,069E+3
2,827E+2
6,530E+2
9,140E+2
9,495E+2
7,525E+2
9,603E+2
9,026E+2
3,195E+2
2,260E+2
2,368E+2
9,106E+2
9,700E+2
2,412E+2
2,506E+2
7,445E+2
4,218E+2
9,011E+2
9,422E+2
3,401E+2
2,138E+2
2,319E+2
8,071E+2
8,678E+2
3,525E+2
3,285E+2
2,115E+2
9,353E+2
1,032E+3
3,415E+2
3,819E+2
4,013E+2
9,112E+2
9,308E+2
2,802E+2
2,178E+2
2,465E+2
2,103E+2
2,546E+2
7,227E+2
2,899E+2
2,110E+2
4,000E+2
5,063E+2
8,893E+2
9,169E+2
2,092E+2
6,708E+2
2,140E+2
3,548E+2
8,220E+2
9,536E+2
9,493E+2
9,567E+2
9,092E+2
1,013E+3
3,819E+2
8,397E+2
3,007E+2
8,324E+2
2,442E+2
3,068E+2
4,678E+2
2,170E+2
3,762E+2
2,505E+2
3,262E+2
9,094E+2
5,309E+2
2,497E+2
2,175E+2
8,298E+2
8,532E+2
7,196E+2
2,328E+2
4,174E+2
1,022E+3
3,375E+2
6,703E+2
9,405E+2
9,408E+2
2,606E+2
1,012E+3
2,139E+2
2,850E+2
8,950E+2
4,258E+2
3,637E+2
9,838E+2
9,862E+2
2,616E+2
9,320E+2
9,864E+2
5,479E+2
2,155E+2
9,092E+2
8,994E+2
2,391E+2
2,103E+2
4,736E+2
2,059E+2
3,196E+2
7,801E+2
2,175E+2
3,015E+2
9,392E+2
7,409E+2
3,135E+2
2,896E+2
4,406E+2
2,997E+2
5,479E+2
2,835E+2
5,281E+2
8,809E+2
1,005E+3
2,168E+2
9,671E+2
4,995E+2
3,686E+2
3,033E+2
3,478E+2
3,193E+2
9,584E+2
8,907E+2
8,616E+2
2,393E+2
2,317E+2
3,731E+2
4,281E+2
8,887E+2
1,001E+3
5,872E+2
2,622E+2
9,183E+2
2,124E+2
9,750E+2
4,489E+2
1,027E+3
8,930E+2
7,339E+2
2,841E+2
8,344E+2
8,151E+2
2,552E+2
3,218E+2
2,336E+2
2,392E+2
9,648E+2
4,739E+2
8,475E+2
8,603E+2
8,719E+2
7,715E+2
2,197E+2
3,088E+2
2,909E+2
9,912E+2
1,005E+3
2,301E+2
8,678E+2
5,112E+2
2,727E+2
2,390E+2
2,078E+2
3,028E+2
7,657E+2
8,618E+2
1,083E+3
7,770E+2
8,704E+2
3,541E+2
9,407E+2
3,839E+2
9,306E+2
2,099E+2
2,616E+2
8,200E+2
9,101E+2
2,160E+2
3,660E+2
2,258E+2
8,311E+2
9,114E+2
3,693E+2
9,773E+2
9,247E+2
3,882E+2
5,910E+2
2,587E+2
2,709E+2
4,107E+2
1,013E+3
8,938E+2
2,679E+2
3,186E+2
1,030E+3
2,395E+2
1,060E+3
8,124E+2
2,184E+2
2,066E+2
9,934E+2
8,871E+2
