5,764E+2
4,803E+2
4,823E+2
5,068E+2
3,302E+2
4,903E+2
4,491E+2
5,289E+2
4,857E+2
5,003E+2
4,816E+2
5,686E+2
5,601E+2
5,060E+2
4,658E+2
4,710E+2
5,976E+2
5,682E+2
4,073E+2
5,501E+2
5,685E+2
3,199E+2
5,142E+2
4,979E+2
1,184E+2
4,586E+2
7,508E+2
5,307E+2
7,296E+2
3,176E+2
5,737E+2
5,507E+2
4,454E+2
4,793E+2
5,065E+2
5,359E+2
4,708E+2
4,887E+2
5,258E+2
4,803E+2
4,471E+2
5,699E+2
4,817E+2
1,335E+2
3,337E+2
5,082E+2
3,095E+2
4,623E+2
2,627E+2
4,417E+2
4,730E+2
5,220E+2
5,067E+2
4,616E+2
7,787E+2
1,448E+2
8,535E+2
4,894E+2
5,111E+2
4,879E+2
5,116E+2
5,220E+2
5,962E+2
5,799E+2
4,502E+2
4,786E+2
1,053E+2
4,918E+2
5,128E+2
5,642E+2
5,273E+2
5,251E+2
1,150E+2
4,702E+2
5,995E+2
5,089E+2
5,075E+2
8,046E+2
5,633E+2
4,095E+2
5,010E+2
5,389E+2
5,537E+2
5,238E+2
6,601E+2
3,502E+2
1,071E+2
4,408E+2
5,923E+2
4,183E+2
4,413E+2
5,106E+2
5,566E+2
5,162E+2
5,096E+2
4,677E+2
4,812E+2
5,282E+2
4,883E+2
1,097E+2
3,813E+2
3,584E+2
6,103E+2
5,707E+2
4,873E+2
4,599E+2
5,896E+2
4,304E+2
5,466E+2
3,736E+2
1,388E+2
8,302E+2
5,795E+2
4,676E+2
3,997E+2
6,247E+2
4,774E+2
1,281E+2
5,872E+2
5,375E+2
5,897E+2
4,789E+2
5,098E+2
5,628E+2
5,399E+2
5,919E+2
5,870E+2
5,797E+2
5,499E+2
1,105E+2
4,288E+2
5,917E+2
4,418E+2
4,487E+2
3,159E+2
5,576E+2
5,607E+2
5,877E+2
4,303E+2
6,844E+2
4,430E+2
4,846E+2
3,102E+2
2,414E+2
4,716E+2
8,285E+2
4,983E+2
1,424E+2
4,508E+2
5,609E+2
5,482E+2
5,966E+2
5,102E+2
5,522E+2
3,913E+2
3,396E+2
4,487E+2
5,081E+2
8,113E+2
5,804E+2
3,278E+2
2,970E+2
4,621E+2
5,095E+2
5,398E+2
5,490E+2
6,893E+2
1,150E+2
4,799E+2
2,728E+2
4,485E+2
2,059E+2
5,494E+2
5,712E+2
5,894E+2
5,135E+2
4,801E+2
5,300E+2
2,905E+2
4,796E+2
4,998E+2
4,901E+2
5,226E+2
5,255E+2
5,414E+2
4,967E+2
3,356E+2
4,798E+2
5,686E+2
5,569E+2
5,214E+2
6,106E+2
2,323E+2
3,164E+2
7,798E+2
4,237E+2
4,894E+2
4,285E+2
4,788E+2
4,787E+2
5,080E+2
4,743E+2
5,594E+2
4,847E+2
5,072E+2
5,187E+2
1,274E+2
1,099E+2
2,739E+2
4,777E+2
5,505E+2
5,672E+2
5,152E+2
5,971E+2
5,405E+2
8,530E+2
5,856E+2
5,018E+2
5,228E+2
3,360E+2
4,868E+2
5,668E+2
5,504E+2
4,695E+2
5,196E+2
8,577E+2
3,697E+2
5,893E+2
1,189E+2
1,144E+2
3,405E+2
4,416E+2
5,238E+2
5,889E+2
5,071E+2
5,091E+2
5,681E+2
5,299E+2
4,843E+2
5,065E+2
4,705E+2
4,797E+2
4,744E+2
6,641E+2
4,555E+2
4,730E+2
5,016E+2
4,794E+2
5,471E+2
5,128E+2
5,008E+2
3,026E+2
7,988E+2
5,309E+2
4,904E+2
4,996E+2
5,379E+2
3,706E+2
5,108E+2
5,286E+2
4,510E+2
5,095E+2
1,877E+2
5,103E+2
4,371E+2
4,872E+2
4,763E+2
2,690E+2
5,126E+2
4,680E+2
4,710E+2
5,116E+2
5,416E+2
4,581E+2
1,134E+2
5,943E+2
5,199E+2
4,711E+2
6,314E+2
4,692E+2
3,838E+2
5,002E+2
4,761E+2
5,027E+2
5,314E+2
5,795E+2
4,738E+2
4,635E+2
5,589E+2
4,610E+2
5,182E+2
6,294E+2
5,027E+2
5,995E+2
5,181E+2
4,474E+2
4,724E+2
5,771E+2
5,016E+2
4,511E+2
5,217E+2
5,285E+2
5,910E+2
4,785E+2
6,020E+2
3,710E+2
5,748E+2
5,016E+2
4,864E+2
1,056E+2
4,998E+2
4,791E+2
4,795E+2
5,601E+2
4,871E+2
5,195E+2
3,710E+2
4,005E+2
5,205E+2
5,174E+2
5,508E+2
4,025E+2
7,693E+2
4,312E+2
5,878E+2
5,363E+2
5,029E+2
5,125E+2
5,109E+2
5,190E+2
5,497E+2
4,988E+2
4,101E+2
4,407E+2
8,697E+2
5,750E+2
5,812E+2
4,865E+2
6,208E+2
1,068E+2
5,593E+2
5,136E+2
2,002E+2
2,688E+2
9,571E+2
5,307E+2
3,606E+2
6,096E+2
5,629E+2
1,413E+2
6,116E+2
5,610E+2
6,605E+2
5,143E+2
5,101E+2
5,649E+2
3,424E+2
5,507E+2
5,282E+2
4,995E+2
5,107E+2
1,072E+2
4,805E+2
5,504E+2
4,516E+2
8,645E+2
5,509E+2
4,696E+2
4,353E+2
5,367E+2
4,688E+2
5,217E+2
4,974E+2
1,063E+2
5,561E+2
3,404E+2
5,070E+2
4,673E+2
4,041E+2
5,198E+2
3,802E+2
9,998E+2
4,795E+2
5,093E+2
2,647E+2
1,072E+2
4,676E+2
3,160E+2
8,701E+2
3,930E+2
3,079E+2
4,777E+2
4,883E+2
5,108E+2
4,502E+2
4,749E+2
5,084E+2
4,622E+2
5,132E+2
5,898E+2
4,591E+2
4,102E+2
5,015E+2
3,532E+2
3,274E+2
5,095E+2
4,692E+2
5,716E+2
3,631E+2
4,700E+2
5,197E+2
5,387E+2
4,705E+2
5,979E+2
4,694E+2
4,314E+2
1,988E+2
4,846E+2
4,623E+2
6,681E+2
5,884E+2
5,848E+2
4,184E+2
4,998E+2
2,240E+2
2,902E+2
6,130E+2
2,954E+2
4,504E+2
5,174E+2
5,603E+2
4,726E+2
4,803E+2
5,199E+2
5,137E+2
