7,687E+2
7,239E+2
8,080E+2
7,323E+2
6,757E+2
6,800E+2
6,230E+2
6,727E+2
7,111E+2
7,422E+2
6,869E+2
8,872E+2
7,556E+2
7,008E+2
7,452E+2
8,106E+2
7,300E+2
6,212E+2
7,207E+2
6,785E+2
7,025E+2
7,368E+2
6,515E+2
6,756E+2
7,829E+2
7,368E+2
8,081E+2
5,997E+2
6,812E+2
7,858E+2
5,895E+2
6,783E+2
6,176E+2
8,700E+2
6,547E+2
6,489E+2
7,416E+2
6,811E+2
6,617E+2
6,688E+2
7,486E+2
6,793E+2
7,189E+2
6,771E+2
7,152E+2
7,094E+2
6,819E+2
6,764E+2
7,399E+2
7,295E+2
6,958E+2
6,606E+2
7,712E+2
7,399E+2
7,692E+2
7,662E+2
7,840E+2
6,423E+2
7,080E+2
6,828E+2
7,544E+2
7,596E+2
6,300E+2
5,673E+2
7,405E+2
8,835E+2
7,114E+2
6,572E+2
7,413E+2
6,759E+2
7,935E+2
6,368E+2
8,089E+2
6,784E+2
6,395E+2
7,805E+2
6,802E+2
7,716E+2
7,495E+2
7,909E+2
6,601E+2
7,139E+2
7,186E+2
7,994E+2
6,502E+2
7,372E+2
7,028E+2
6,702E+2
6,708E+2
6,958E+2
7,696E+2
6,977E+2
7,843E+2
6,820E+2
7,255E+2
7,205E+2
6,930E+2
7,508E+2
6,913E+2
7,535E+2
6,686E+2
6,818E+2
7,345E+2
7,161E+2
7,484E+2
7,679E+2
7,185E+2
6,701E+2
6,719E+2
6,699E+2
7,261E+2
6,823E+2
7,108E+2
7,521E+2
6,842E+2
7,208E+2
6,648E+2
7,334E+2
7,638E+2
6,904E+2
6,712E+2
6,394E+2
7,118E+2
6,997E+2
6,563E+2
6,667E+2
7,040E+2
7,973E+2
7,039E+2
7,275E+2
7,241E+2
7,524E+2
6,899E+2
7,409E+2
6,746E+2
6,944E+2
7,295E+2
7,182E+2
7,629E+2
7,227E+2
7,412E+2
6,944E+2
8,583E+2
7,726E+2
6,582E+2
7,192E+2
6,389E+2
7,753E+2
6,798E+2
6,819E+2
7,429E+2
8,124E+2
6,936E+2
7,396E+2
6,580E+2
7,038E+2
7,242E+2
7,712E+2
6,598E+2
7,336E+2
6,593E+2
6,980E+2
6,764E+2
7,008E+2
7,020E+2
7,102E+2
6,628E+2
6,692E+2
7,488E+2
7,167E+2
7,686E+2
6,212E+2
6,665E+2
6,891E+2
6,200E+2
7,594E+2
6,490E+2
7,202E+2
6,899E+2
6,810E+2
7,455E+2
8,146E+2
7,180E+2
7,295E+2
7,207E+2
7,035E+2
6,112E+2
7,582E+2
7,354E+2
7,210E+2
7,557E+2
6,974E+2
6,491E+2
6,787E+2
7,030E+2
6,901E+2
6,189E+2
7,302E+2
8,391E+2
6,466E+2
6,640E+2
6,980E+2
7,729E+2
7,871E+2
7,117E+2
6,990E+2
7,443E+2
6,807E+2
6,041E+2
7,651E+2
7,347E+2
7,196E+2
6,734E+2
6,878E+2
7,562E+2
6,571E+2
5,802E+2
6,885E+2
7,728E+2
7,121E+2
6,884E+2
7,726E+2
7,095E+2
7,096E+2
6,711E+2
6,881E+2
6,802E+2
6,429E+2
6,496E+2
6,772E+2
6,286E+2
7,013E+2
7,101E+2
7,186E+2
7,091E+2
6,395E+2
7,243E+2
6,909E+2
7,259E+2
7,112E+2
6,922E+2
7,692E+2
6,859E+2
7,044E+2
7,582E+2
7,468E+2
6,172E+2
6,900E+2
6,880E+2
7,119E+2
6,798E+2
7,253E+2
6,433E+2
7,509E+2
7,008E+2
7,508E+2
7,391E+2
6,297E+2
6,974E+2
7,807E+2
6,736E+2
6,906E+2
6,907E+2
7,215E+2
6,689E+2
7,569E+2
6,971E+2
7,232E+2
6,650E+2
7,401E+2
6,980E+2
7,008E+2
7,220E+2
6,897E+2
6,502E+2
7,082E+2
7,211E+2
6,734E+2
7,189E+2
6,290E+2
7,096E+2
7,092E+2
7,230E+2
6,701E+2
7,220E+2
6,812E+2
7,214E+2
5,904E+2
6,101E+2
6,863E+2
6,718E+2
6,442E+2
6,409E+2
5,816E+2
6,751E+2
6,310E+2
6,293E+2
6,512E+2
6,536E+2
7,311E+2
7,211E+2
7,029E+2
7,390E+2
7,403E+2
7,924E+2
7,139E+2
7,908E+2
6,877E+2
6,312E+2
7,129E+2
7,223E+2
7,128E+2
7,244E+2
7,381E+2
7,580E+2
7,011E+2
7,433E+2
7,600E+2
6,814E+2
6,880E+2
7,523E+2
7,095E+2
7,637E+2
7,461E+2
7,202E+2
6,988E+2
6,377E+2
6,564E+2
7,742E+2
6,805E+2
7,227E+2
7,081E+2
6,774E+2
6,926E+2
7,127E+2
7,111E+2
7,628E+2
7,303E+2
6,318E+2
7,332E+2
7,266E+2
7,134E+2
6,791E+2
8,003E+2
6,592E+2
6,882E+2
7,319E+2
7,368E+2
6,846E+2
6,680E+2
6,093E+2
7,500E+2
6,545E+2
7,391E+2
6,205E+2
6,772E+2
6,865E+2
6,705E+2
6,796E+2
7,621E+2
5,998E+2
7,206E+2
6,806E+2
6,656E+2
6,870E+2
7,509E+2
7,109E+2
6,840E+2
7,004E+2
6,834E+2
7,597E+2
6,732E+2
6,456E+2
7,489E+2
6,873E+2
7,626E+2
7,741E+2
6,852E+2
7,502E+2
7,303E+2
7,477E+2
7,190E+2
6,862E+2
6,414E+2
7,280E+2
7,406E+2
6,708E+2
6,430E+2
6,909E+2
7,496E+2
7,707E+2
6,211E+2
7,656E+2
6,618E+2
6,962E+2
6,840E+2
8,177E+2
7,031E+2
7,985E+2
6,811E+2
6,741E+2
7,365E+2
7,728E+2
7,083E+2
6,914E+2
6,842E+2
7,081E+2
6,699E+2
6,788E+2
6,871E+2
6,171E+2
7,289E+2
7,483E+2
6,015E+2
7,209E+2
8,158E+2
6,576E+2
7,624E+2
6,332E+2
7,686E+2
7,499E+2
7,596E+2
7,326E+2
6,974E+2
7,590E+2
7,877E+2
7,127E+2
7,120E+2
6,705E+2
7,399E+2
6,744E+2
7,335E+2
7,298E+2
7,000E+2
8,012E+2
6,541E+2
6,898E+2
6,600E+2
6,874E+2
6,626E+2
7,013E+2
6,456E+2
7,322E+2
7,114E+2
6,568E+2
7,441E+2
6,157E+2
8,101E+2
6,316E+2
7,428E+2
7,968E+2
7,176E+2
7,271E+2
5,871E+2
6,612E+2
6,365E+2
7,105E+2
6,397E+2
6,060E+2
7,287E+2
6,810E+2
7,297E+2
6,837E+2
6,431E+2
7,938E+2
6,325E+2
6,477E+2
6,795E+2
7,491E+2
6,019E+2
7,629E+2
6,212E+2
7,408E+2
6,682E+2
7,203E+2
7,189E+2
6,396E+2
7,393E+2
6,408E+2
7,018E+2
6,821E+2
7,523E+2
7,296E+2
6,683E+2
6,315E+2
7,145E+2
7,167E+2
6,993E+2
6,582E+2
6,104E+2
7,196E+2
6,681E+2
6,701E+2
6,538E+2
7,480E+2
7,603E+2
7,358E+2
6,348E+2
6,926E+2
6,811E+2
