3,781E+2
2,317E+2
3,853E+2
2,491E+2
4,923E+2
2,683E+2
3,543E+2
3,315E+2
5,215E+2
4,367E+2
2,605E+2
2,787E+2
5,687E+2
2,724E+2
4,509E+2
2,541E+2
2,703E+2
3,456E+2
2,781E+2
2,384E+2
3,081E+2
3,367E+2
3,171E+2
2,995E+2
4,356E+2
2,083E+2
4,425E+2
2,543E+2
2,979E+2
2,858E+2
3,260E+2
2,398E+2
5,419E+2
3,795E+2
4,732E+2
3,901E+2
5,410E+2
2,316E+2
4,925E+2
3,507E+2
4,993E+2
2,374E+2
3,630E+2
3,394E+2
2,138E+2
3,212E+2
2,192E+2
5,207E+2
3,927E+2
3,191E+2
2,235E+2
4,972E+2
2,832E+2
3,021E+2
2,285E+2
3,880E+2
2,731E+2
2,418E+2
2,964E+2
3,574E+2
2,067E+2
2,895E+2
2,813E+2
4,299E+2
4,368E+2
4,803E+2
2,983E+2
2,701E+2
4,187E+2
3,305E+2
2,417E+2
4,777E+2
2,927E+2
2,296E+2
5,840E+2
2,403E+2
6,380E+2
2,176E+2
3,002E+2
2,941E+2
2,221E+2
2,770E+2
3,777E+2
3,896E+2
4,638E+2
7,100E+2
3,914E+2
3,401E+2
3,771E+2
3,187E+2
3,164E+2
2,931E+2
4,108E+2
3,667E+2
4,968E+2
2,694E+2
2,894E+2
2,287E+2
4,308E+2
2,972E+2
4,622E+2
2,602E+2
5,948E+2
2,564E+2
3,200E+2
3,510E+2
2,943E+2
3,482E+2
3,280E+2
3,301E+2
4,171E+2
3,501E+2
4,131E+2
4,763E+2
4,214E+2
3,554E+2
3,305E+2
4,500E+2
3,674E+2
2,180E+2
3,479E+2
3,347E+2
2,511E+2
6,327E+2
2,621E+2
2,223E+2
4,338E+2
5,899E+2
3,071E+2
2,282E+2
2,301E+2
4,863E+2
2,480E+2
2,327E+2
3,895E+2
2,952E+2
2,569E+2
2,258E+2
3,417E+2
3,557E+2
2,573E+2
3,688E+2
3,410E+2
2,498E+2
3,705E+2
2,901E+2
3,017E+2
2,322E+2
3,090E+2
2,309E+2
2,914E+2
2,872E+2
2,511E+2
2,908E+2
4,788E+2
4,502E+2
3,282E+2
2,878E+2
3,588E+2
4,304E+2
2,311E+2
6,604E+2
2,897E+2
2,388E+2
6,301E+2
3,500E+2
2,222E+2
2,392E+2
2,509E+2
2,156E+2
2,685E+2
5,445E+2
2,304E+2
2,779E+2
2,926E+2
2,705E+2
3,572E+2
2,922E+2
2,577E+2
6,569E+2
2,438E+2
3,232E+2
2,657E+2
3,158E+2
3,508E+2
3,395E+2
5,228E+2
3,425E+2
2,492E+2
3,488E+2
2,755E+2
4,098E+2
5,380E+2
3,498E+2
3,214E+2
3,211E+2
4,407E+2
3,814E+2
3,664E+2
3,386E+2
4,989E+2
2,764E+2
3,054E+2
5,101E+2
4,206E+2
5,430E+2
5,548E+2
3,796E+2
2,684E+2
4,416E+2
2,530E+2
2,855E+2
2,591E+2
2,285E+2
3,842E+2
3,785E+2
2,324E+2
3,233E+2
3,101E+2
3,901E+2
5,286E+2
3,703E+2
2,500E+2
2,088E+2
2,550E+2
3,196E+2
4,300E+2
3,322E+2
7,327E+2
4,892E+2
2,579E+2
3,088E+2
4,200E+2
3,497E+2
2,725E+2
3,884E+2
3,223E+2
3,198E+2
2,183E+2
3,874E+2
2,750E+2
2,604E+2
2,157E+2
4,692E+2
2,235E+2
2,538E+2
2,278E+2
4,716E+2
3,467E+2
4,335E+2
2,640E+2
3,951E+2
2,362E+2
3,234E+2
3,390E+2
3,810E+2
3,528E+2
4,315E+2
2,807E+2
3,730E+2
2,424E+2
2,901E+2
3,783E+2
2,870E+2
2,276E+2
2,195E+2
2,910E+2
3,796E+2
2,802E+2
4,669E+2
3,008E+2
4,349E+2
2,704E+2
3,412E+2
3,315E+2
6,269E+2
4,930E+2
5,806E+2
2,261E+2
3,824E+2
2,489E+2
4,094E+2
2,780E+2
4,179E+2
3,236E+2
5,124E+2
5,813E+2
4,086E+2
2,591E+2
4,687E+2
3,567E+2
4,886E+2
2,849E+2
3,658E+2
2,816E+2
3,115E+2
4,012E+2
4,866E+2
2,285E+2
2,947E+2
2,929E+2
3,165E+2
5,189E+2
4,308E+2
2,464E+2
4,602E+2
2,499E+2
4,003E+2
2,906E+2
3,913E+2
2,542E+2
3,757E+2
2,387E+2
2,578E+2
2,993E+2
3,704E+2
2,522E+2
2,795E+2
4,998E+2
2,815E+2
4,300E+2
5,915E+2
2,192E+2
3,018E+2
2,174E+2
4,605E+2
2,459E+2
2,208E+2
3,703E+2
4,998E+2
3,915E+2
4,609E+2
2,077E+2
2,229E+2
2,492E+2
4,687E+2
5,448E+2
3,980E+2
2,122E+2
3,048E+2
2,926E+2
3,525E+2
4,058E+2
3,005E+2
2,088E+2
2,655E+2
3,607E+2
3,559E+2
3,122E+2
2,903E+2
4,889E+2
4,156E+2
2,929E+2
4,160E+2
4,363E+2
3,597E+2
3,308E+2
3,227E+2
2,863E+2
2,995E+2
3,005E+2
2,765E+2
3,465E+2
3,995E+2
3,626E+2
3,278E+2
3,379E+2
3,719E+2
3,276E+2
2,791E+2
2,562E+2
3,287E+2
3,362E+2
3,032E+2
3,989E+2
3,171E+2
2,998E+2
2,589E+2
2,935E+2
4,794E+2
3,877E+2
3,885E+2
3,203E+2
3,472E+2
3,615E+2
2,294E+2
3,090E+2
3,000E+2
5,602E+2
2,921E+2
4,244E+2
3,014E+2
2,864E+2
2,739E+2
2,531E+2
3,704E+2
4,361E+2
4,148E+2
3,489E+2
2,696E+2
2,935E+2
5,651E+2
3,765E+2
2,390E+2
4,094E+2
3,017E+2
3,913E+2
2,603E+2
2,559E+2
3,494E+2
2,633E+2
4,863E+2
3,200E+2
3,542E+2
4,772E+2
3,393E+2
2,967E+2
2,977E+2
4,858E+2
3,042E+2
2,234E+2
3,696E+2
2,058E+2
4,613E+2
3,001E+2
4,214E+2
4,468E+2
3,687E+2
4,090E+2
3,497E+2
3,005E+2
2,522E+2
2,309E+2
2,849E+2
3,039E+2
2,375E+2
2,423E+2
3,396E+2
6,367E+2
2,881E+2
3,973E+2
2,794E+2
4,265E+2
4,045E+2
2,333E+2
2,099E+2
3,027E+2
2,484E+2
5,918E+2
4,743E+2
2,802E+2
3,887E+2
2,697E+2
3,513E+2
5,901E+2
4,102E+2
3,535E+2
3,140E+2
3,777E+2
3,025E+2
3,192E+2
2,392E+2
4,407E+2
2,496E+2
3,305E+2
2,175E+2
3,088E+2
3,754E+2
3,075E+2
2,465E+2
2,932E+2
2,522E+2
2,945E+2
2,912E+2
2,464E+2
2,423E+2
3,305E+2
2,888E+2
2,516E+2
3,060E+2
3,087E+2
2,670E+2
3,594E+2
2,693E+2
4,515E+2
2,604E+2
4,071E+2
2,992E+2
2,805E+2
3,616E+2
5,702E+2
3,887E+2
3,051E+2
2,691E+2
3,695E+2
4,902E+2
2,169E+2
2,077E+2
4,623E+2
3,202E+2
