1,922E+2
2,505E+2
2,311E+2
2,668E+2
4,949E+2
1,602E+2
2,190E+2
2,602E+2
1,944E+2
1,410E+2
1,843E+2
2,218E+2
1,331E+2
2,233E+2
2,353E+2
1,618E+2
2,496E+2
1,599E+2
1,762E+2
2,401E+2
1,505E+2
1,667E+2
1,608E+2
2,172E+2
1,493E+2
1,213E+2
2,100E+2
2,232E+2
1,932E+2
1,591E+2
2,404E+2
1,767E+2
2,353E+2
1,097E+2
1,782E+2
2,467E+2
1,929E+2
2,090E+2
2,040E+2
2,340E+2
2,327E+2
1,328E+2
1,307E+2
1,517E+2
1,410E+2
3,422E+2
1,517E+2
1,406E+2
1,618E+2
3,365E+2
2,289E+2
1,520E+2
4,386E+2
1,996E+2
1,915E+2
3,710E+2
1,500E+2
2,987E+2
1,897E+2
1,197E+2
1,833E+2
1,193E+2
1,193E+2
1,621E+2
2,734E+2
1,554E+2
1,603E+2
1,307E+2
1,945E+2
1,413E+2
1,599E+2
2,453E+2
1,380E+2
1,898E+2
1,063E+2
2,711E+2
1,921E+2
1,690E+2
1,550E+2
1,636E+2
1,285E+2
1,224E+2
1,230E+2
2,274E+2
1,780E+2
2,402E+2
1,775E+2
2,160E+2
2,525E+2
2,263E+2
1,729E+2
1,084E+2
4,103E+2
1,239E+2
1,617E+2
1,077E+2
1,868E+2
3,294E+2
1,996E+2
1,789E+2
1,093E+2
1,285E+2
2,002E+2
1,717E+2
1,799E+2
1,270E+2
1,816E+2
1,589E+2
2,222E+2
1,398E+2
1,509E+2
2,291E+2
2,017E+2
1,803E+2
1,410E+2
2,098E+2
1,693E+2
2,005E+2
1,245E+2
1,387E+2
2,783E+2
1,804E+2
1,927E+2
1,299E+2
1,397E+2
2,193E+2
1,871E+2
2,161E+2
1,716E+2
1,665E+2
1,995E+2
1,908E+2
2,088E+2
1,651E+2
5,595E+2
1,187E+2
3,014E+2
3,282E+2
1,710E+2
2,010E+2
2,102E+2
1,921E+2
1,957E+2
2,395E+2
1,927E+2
2,502E+2
1,380E+2
1,725E+2
1,891E+2
2,020E+2
1,909E+2
2,410E+2
1,287E+2
2,217E+2
1,402E+2
3,529E+2
1,289E+2
1,520E+2
1,783E+2
1,297E+2
1,871E+2
1,965E+2
1,419E+2
2,189E+2
2,479E+2
2,165E+2
2,464E+2
1,641E+2
2,094E+2
1,584E+2
2,001E+2
2,052E+2
2,003E+2
1,741E+2
1,597E+2
2,270E+2
1,626E+2
2,469E+2
1,825E+2
1,220E+2
1,520E+2
2,252E+2
2,544E+2
1,329E+2
1,595E+2
1,609E+2
2,232E+2
2,217E+2
2,243E+2
1,187E+2
1,651E+2
2,538E+2
3,345E+2
2,231E+2
2,441E+2
1,821E+2
1,109E+2
2,103E+2
2,364E+2
1,809E+2
1,732E+2
1,448E+2
1,244E+2
2,036E+2
1,074E+2
1,745E+2
1,841E+2
1,589E+2
2,402E+2
2,104E+2
1,123E+2
1,398E+2
1,284E+2
1,995E+2
2,063E+2
2,307E+2
1,747E+2
1,430E+2
2,711E+2
1,890E+2
1,321E+2
1,641E+2
1,501E+2
1,798E+2
2,137E+2
2,498E+2
2,016E+2
1,335E+2
1,396E+2
2,699E+2
2,009E+2
2,241E+2
1,287E+2
1,279E+2
1,229E+2
1,488E+2
1,433E+2
1,618E+2
1,407E+2
1,433E+2
1,287E+2
2,301E+2
2,308E+2
1,668E+2
2,178E+2
2,333E+2
1,092E+2
1,113E+2
1,749E+2
2,035E+2
2,284E+2
1,591E+2
2,242E+2
2,404E+2
1,065E+2
2,166E+2
1,627E+2
2,194E+2
1,678E+2
1,778E+2
2,148E+2
2,360E+2
1,997E+2
1,594E+2
2,376E+2
1,713E+2
2,767E+2
2,189E+2
1,978E+2
1,598E+2
1,075E+2
2,167E+2
1,533E+2
2,306E+2
2,522E+2
1,680E+2
2,497E+2
2,104E+2
1,807E+2
2,301E+2
1,450E+2
2,175E+2
2,221E+2
2,178E+2
1,803E+2
2,087E+2
2,203E+2
2,113E+2
2,378E+2
2,013E+2
1,489E+2
2,279E+2
1,085E+2
1,694E+2
1,653E+2
1,397E+2
1,107E+2
2,821E+2
2,916E+2
1,089E+2
1,726E+2
1,812E+2
1,677E+2
1,444E+2
2,210E+2
2,897E+2
3,216E+2
2,028E+2
2,027E+2
2,500E+2
1,799E+2
9,703E+2
1,829E+2
2,552E+2
1,614E+2
2,497E+2
2,388E+2
1,083E+2
1,198E+2
2,011E+2
1,485E+2
2,170E+2
1,485E+2
1,812E+2
1,100E+2
1,709E+2
1,287E+2
1,471E+2
1,107E+2
2,013E+2
2,121E+2
1,692E+2
1,883E+2
2,075E+2
1,717E+2
1,064E+2
1,891E+2
7,814E+2
1,415E+2
1,500E+2
2,104E+2
2,517E+2
2,285E+2
1,281E+2
2,294E+2
2,418E+2
2,115E+2
2,274E+2
1,612E+2
2,310E+2
2,216E+2
1,614E+2
2,303E+2
1,374E+2
2,406E+2
1,460E+2
1,726E+2
2,170E+2
2,802E+2
1,800E+2
2,811E+2
4,119E+2
1,400E+2
1,414E+2
1,605E+2
1,174E+2
3,413E+2
2,151E+2
2,287E+2
1,626E+2
1,859E+2
2,202E+2
2,222E+2
1,495E+2
2,022E+2
1,993E+2
2,332E+2
1,275E+2
2,946E+2
1,898E+2
2,493E+2
1,588E+2
1,474E+2
2,404E+2
2,399E+2
1,712E+2
2,032E+2
2,126E+2
1,825E+2
2,373E+2
2,458E+2
1,705E+2
2,391E+2
2,291E+2
1,076E+2
2,554E+2
1,506E+2
2,085E+2
2,013E+2
2,335E+2
2,154E+2
1,059E+2
1,443E+2
2,277E+2
2,048E+2
1,610E+2
1,316E+2
2,211E+2
2,033E+2
2,093E+2
1,620E+2
2,277E+2
1,818E+2
1,681E+2
1,915E+2
3,091E+2
2,044E+2
1,464E+2
2,415E+2
1,777E+2
1,909E+2
2,963E+2
2,326E+2
2,314E+2
2,026E+2
1,090E+2
2,484E+2
2,472E+2
1,696E+2
1,266E+2
1,527E+2
2,103E+2
1,574E+2
1,917E+2
1,483E+2
1,392E+2
2,103E+2
2,107E+2
1,768E+2
1,596E+2
2,122E+2
1,331E+2
2,223E+2
1,652E+2
1,800E+2
1,490E+2
2,030E+2
1,963E+2
2,145E+2
2,228E+2
1,550E+2
2,671E+2
1,140E+2
1,106E+2
1,761E+2
2,484E+2
2,423E+2
2,489E+2
2,227E+2
2,105E+2
2,302E+2
2,154E+2
1,754E+2
1,180E+2
2,001E+2
2,113E+2
4,396E+2
1,696E+2
2,047E+2
2,084E+2
2,108E+2
2,314E+2
2,116E+2
1,189E+2
1,630E+2
2,092E+2
2,102E+2
1,333E+2
1,490E+2
1,606E+2
2,190E+2
1,829E+2
1,783E+2
1,775E+2
2,150E+2
2,395E+2
