5,588E+2
5,171E+2
7,116E+2
2,095E+2
7,311E+2
6,951E+2
6,332E+2
6,717E+2
7,584E+2
5,579E+2
4,905E+2
5,683E+2
6,181E+2
6,794E+2
5,139E+2
4,571E+2
6,807E+2
6,345E+2
7,351E+2
4,674E+2
7,578E+2
7,175E+2
7,442E+2
6,498E+2
7,399E+2
6,605E+2
5,389E+2
6,520E+2
6,706E+2
6,899E+2
6,915E+2
7,407E+2
6,780E+2
6,308E+2
7,088E+2
5,566E+2
6,092E+2
7,865E+2
7,714E+2
6,324E+2
6,236E+2
6,819E+2
7,437E+2
7,497E+2
7,041E+2
6,089E+2
7,290E+2
5,869E+2
7,604E+2
4,796E+2
5,993E+2
6,406E+2
5,809E+2
5,729E+2
7,590E+2
6,186E+2
6,144E+2
5,563E+2
7,280E+2
8,002E+2
7,861E+2
6,988E+2
7,001E+2
6,833E+2
4,492E+2
5,944E+2
5,569E+2
5,588E+2
6,696E+2
5,211E+2
5,425E+2
7,093E+2
7,276E+2
5,599E+2
6,038E+2
5,959E+2
6,641E+2
5,672E+2
7,007E+2
7,285E+2
5,790E+2
7,321E+2
6,301E+2
6,769E+2
5,987E+2
5,809E+2
6,835E+2
5,646E+2
5,249E+2
6,217E+2
6,743E+2
5,610E+2
6,664E+2
7,007E+2
6,888E+2
5,808E+2
7,405E+2
7,809E+2
7,726E+2
7,084E+2
6,604E+2
6,700E+2
6,823E+2
5,824E+2
5,788E+2
5,945E+2
7,710E+2
6,011E+2
6,384E+2
6,035E+2
7,183E+2
6,448E+2
5,451E+2
5,405E+2
7,325E+2
6,018E+2
7,270E+2
5,847E+2
7,351E+2
7,382E+2
5,584E+2
7,465E+2
5,588E+2
5,500E+2
7,652E+2
6,613E+2
6,992E+2
7,577E+2
5,694E+2
5,733E+2
7,499E+2
6,409E+2
7,303E+2
7,045E+2
4,706E+2
6,418E+2
6,670E+2
6,984E+2
6,101E+2
7,427E+2
5,358E+2
5,511E+2
6,480E+2
8,075E+2
7,714E+2
7,222E+2
6,322E+2
5,797E+2
7,574E+2
7,116E+2
5,830E+2
6,159E+2
6,042E+2
7,286E+2
6,424E+2
6,227E+2
6,031E+2
6,516E+2
6,718E+2
5,509E+2
7,541E+2
5,804E+2
6,893E+2
8,261E+2
5,730E+2
7,386E+2
6,126E+2
6,991E+2
7,384E+2
7,116E+2
7,495E+2
8,001E+2
5,803E+2
6,473E+2
6,854E+2
7,086E+2
5,920E+2
7,045E+2
6,989E+2
7,391E+2
6,847E+2
5,623E+2
5,997E+2
7,426E+2
5,928E+2
5,656E+2
6,051E+2
7,534E+2
6,902E+2
5,417E+2
7,508E+2
6,305E+2
6,665E+2
7,763E+2
7,067E+2
6,087E+2
6,556E+2
5,339E+2
7,162E+2
5,866E+2
5,714E+2
7,313E+2
6,885E+2
7,283E+2
7,308E+2
7,985E+2
5,679E+2
5,706E+2
7,327E+2
6,041E+2
7,424E+2
6,884E+2
5,394E+2
5,607E+2
7,294E+2
5,791E+2
7,974E+2
7,407E+2
7,309E+2
6,626E+2
6,750E+2
5,422E+2
6,108E+2
7,042E+2
6,495E+2
6,754E+2
4,391E+2
5,890E+2
7,858E+2
5,436E+2
6,593E+2
6,791E+2
7,303E+2
6,267E+2
6,513E+2
7,256E+2
5,898E+2
7,400E+2
6,197E+2
7,919E+2
5,902E+2
7,018E+2
7,580E+2
6,902E+2
5,882E+2
7,577E+2
4,243E+2
2,177E+2
6,549E+2
4,625E+2
6,031E+2
7,459E+2
6,964E+2
6,271E+2
7,392E+2
4,499E+2
7,204E+2
5,701E+2
5,975E+2
5,834E+2
7,716E+2
5,588E+2
5,846E+2
7,615E+2
7,398E+2
6,812E+2
5,973E+2
7,828E+2
4,067E+2
6,187E+2
5,116E+2
5,982E+2
6,300E+2
5,723E+2
6,303E+2
7,436E+2
6,341E+2
7,106E+2
6,809E+2
6,203E+2
6,807E+2
5,835E+2
4,465E+2
7,014E+2
7,437E+2
7,343E+2
7,822E+2
8,088E+2
7,404E+2
7,576E+2
7,580E+2
6,928E+2
7,079E+2
6,515E+2
7,078E+2
7,069E+2
6,011E+2
6,435E+2
7,498E+2
6,583E+2
7,103E+2
6,129E+2
6,037E+2
7,542E+2
5,930E+2
5,435E+2
7,197E+2
6,553E+2
6,577E+2
7,128E+2
7,002E+2
6,395E+2
6,691E+2
6,293E+2
6,679E+2
6,111E+2
3,663E+2
6,704E+2
6,232E+2
6,096E+2
5,908E+2
7,698E+2
5,447E+2
6,697E+2
5,753E+2
7,413E+2
5,552E+2
7,692E+2
6,189E+2
7,498E+2
6,676E+2
6,929E+2
6,743E+2
5,440E+2
7,229E+2
7,880E+2
5,729E+2
7,622E+2
5,639E+2
6,516E+2
6,555E+2
6,290E+2
7,084E+2
5,847E+2
7,493E+2
5,881E+2
6,223E+2
6,931E+2
7,599E+2
5,689E+2
7,783E+2
6,705E+2
6,562E+2
5,932E+2
6,871E+2
4,788E+2
6,500E+2
5,535E+2
5,786E+2
5,497E+2
5,289E+2
6,880E+2
6,397E+2
7,256E+2
4,590E+2
7,406E+2
5,961E+2
6,807E+2
6,302E+2
7,696E+2
5,114E+2
5,816E+2
5,602E+2
8,092E+2
7,002E+2
7,630E+2
7,794E+2
5,641E+2
5,872E+2
6,993E+2
5,808E+2
5,511E+2
7,607E+2
6,994E+2
6,496E+2
6,464E+2
5,109E+2
5,227E+2
6,002E+2
6,491E+2
6,769E+2
5,690E+2
7,334E+2
5,738E+2
7,576E+2
5,995E+2
7,198E+2
7,193E+2
7,409E+2
7,506E+2
5,128E+2
4,244E+2
6,071E+2
5,997E+2
7,170E+2
6,971E+2
6,725E+2
6,559E+2
6,717E+2
7,443E+2
5,815E+2
8,281E+2
6,038E+2
5,288E+2
6,343E+2
7,019E+2
5,225E+2
5,985E+2
5,306E+2
5,807E+2
7,499E+2
7,713E+2
6,877E+2
6,780E+2
5,590E+2
8,480E+2
6,209E+2
5,067E+2
7,573E+2
5,686E+2
6,722E+2
4,987E+2
7,110E+2
5,285E+2
7,964E+2
5,647E+2
7,128E+2
7,478E+2
7,516E+2
5,581E+2
6,996E+2
6,000E+2
6,700E+2
6,964E+2
6,524E+2
5,107E+2
6,901E+2
5,890E+2
6,421E+2
6,480E+2
5,401E+2
7,397E+2
7,510E+2
4,390E+2
5,101E+2
7,691E+2
7,428E+2
6,117E+2
7,111E+2
5,190E+2
5,798E+2
7,368E+2
5,976E+2
6,885E+2
7,270E+2
5,376E+2
7,297E+2
3,607E+2
7,487E+2
5,197E+2
7,435E+2
7,367E+2
6,499E+2
6,347E+2
5,732E+2
6,657E+2
7,006E+2
7,029E+2
7,139E+2
7,068E+2
6,687E+2
6,671E+2
2,399E+2
5,419E+2
7,413E+2
2,790E+2
6,117E+2
7,009E+2
6,105E+2
5,481E+2
7,315E+2
7,133E+2
5,791E+2
7,577E+2
4,945E+2
4,923E+2
6,214E+2
6,002E+2
7,137E+2
4,415E+2
