2,267E+2
2,330E+2
2,302E+2
2,729E+2
2,089E+2
2,103E+2
2,779E+2
2,230E+2
2,176E+2
2,988E+2
2,102E+2
2,486E+2
2,397E+2
2,292E+2
2,325E+2
2,194E+2
2,181E+2
3,209E+2
2,415E+2
2,126E+2
2,220E+2
2,133E+2
2,299E+2
2,082E+2
2,361E+2
2,351E+2
2,232E+2
3,031E+2
2,532E+2
2,116E+2
3,075E+2
2,208E+2
2,130E+2
2,680E+2
2,828E+2
3,397E+2
2,803E+2
2,141E+2
2,149E+2
2,613E+2
2,320E+2
2,819E+2
2,200E+2
2,070E+2
2,409E+2
3,101E+2
2,074E+2
2,114E+2
2,544E+2
2,620E+2
2,209E+2
2,290E+2
2,217E+2
2,408E+2
2,103E+2
2,613E+2
2,340E+2
2,357E+2
2,324E+2
2,267E+2
2,274E+2
2,236E+2
2,089E+2
2,710E+2
2,135E+2
2,189E+2
3,179E+2
8,813E+2
2,273E+2
2,092E+2
2,311E+2
2,496E+2
2,086E+2
2,453E+2
2,691E+2
2,691E+2
2,579E+2
2,081E+2
2,186E+2
2,544E+2
2,098E+2
2,863E+2
2,447E+2
2,702E+2
2,375E+2
2,603E+2
2,500E+2
2,331E+2
2,287E+2
2,076E+2
2,380E+2
2,589E+2
2,212E+2
2,321E+2
2,733E+2
2,610E+2
2,247E+2
2,121E+2
2,504E+2
2,093E+2
2,373E+2
2,882E+2
2,066E+2
4,097E+2
2,514E+2
3,404E+2
2,386E+2
2,594E+2
2,471E+2
2,397E+2
2,633E+2
2,103E+2
2,303E+2
2,109E+2
3,070E+2
3,284E+2
2,794E+2
2,488E+2
2,237E+2
2,590E+2
2,610E+2
2,119E+2
2,212E+2
2,341E+2
2,478E+2
2,075E+2
2,197E+2
2,689E+2
2,381E+2
2,098E+2
2,079E+2
3,111E+2
2,318E+2
2,215E+2
2,103E+2
2,814E+2
2,213E+2
2,583E+2
2,454E+2
2,814E+2
2,853E+2
2,418E+2
2,282E+2
2,691E+2
2,201E+2
3,234E+2
2,186E+2
2,291E+2
2,683E+2
2,457E+2
2,276E+2
2,186E+2
2,997E+2
2,420E+2
2,472E+2
2,694E+2
2,183E+2
2,619E+2
2,097E+2
2,294E+2
2,301E+2
2,805E+2
3,037E+2
2,599E+2
2,802E+2
2,815E+2
2,113E+2
2,261E+2
2,273E+2
2,711E+2
3,002E+2
3,201E+2
2,914E+2
2,475E+2
2,314E+2
2,095E+2
2,165E+2
3,258E+2
2,061E+2
2,133E+2
2,783E+2
2,156E+2
2,686E+2
2,060E+2
2,057E+2
2,103E+2
2,811E+2
2,388E+2
2,106E+2
2,981E+2
2,682E+2
2,682E+2
2,443E+2
2,387E+2
2,864E+2
2,268E+2
2,197E+2
2,831E+2
2,116E+2
2,169E+2
2,216E+2
2,808E+2
2,200E+2
2,846E+2
2,753E+2
2,489E+2
3,058E+2
2,102E+2
2,798E+2
2,369E+2
2,702E+2
2,209E+2
2,305E+2
2,387E+2
2,291E+2
2,090E+2
3,180E+2
2,187E+2
2,093E+2
2,200E+2
2,886E+2
2,491E+2
2,865E+2
2,195E+2
2,415E+2
2,245E+2
2,813E+2
2,800E+2
2,807E+2
2,800E+2
2,735E+2
2,802E+2
2,812E+2
2,089E+2
3,187E+2
2,315E+2
2,197E+2
2,084E+2
2,305E+2
2,217E+2
2,695E+2
2,810E+2
2,809E+2
2,822E+2
2,598E+2
2,819E+2
3,220E+2
3,283E+2
2,096E+2
2,814E+2
2,872E+2
2,835E+2
2,907E+2
3,193E+2
2,817E+2
2,873E+2
2,901E+2
2,107E+2
3,312E+2
3,019E+2
2,967E+2
2,090E+2
2,824E+2
2,900E+2
2,804E+2
2,822E+2
2,259E+2
3,597E+2
2,179E+2
2,290E+2
3,289E+2
2,824E+2
2,223E+2
2,168E+2
2,107E+2
2,161E+2
2,186E+2
3,179E+2
2,177E+2
2,824E+2
2,818E+2
2,814E+2
2,094E+2
2,697E+2
2,369E+2
2,599E+2
2,497E+2
2,109E+2
2,496E+2
2,149E+2
2,127E+2
2,749E+2
2,400E+2
2,300E+2
2,818E+2
2,218E+2
2,514E+2
2,679E+2
2,499E+2
2,951E+2
2,587E+2
2,223E+2
2,315E+2
2,270E+2
2,313E+2
2,284E+2
2,809E+2
2,795E+2
2,212E+2
2,165E+2
2,118E+2
2,079E+2
2,510E+2
2,315E+2
2,259E+2
2,121E+2
2,155E+2
2,870E+2
2,185E+2
2,227E+2
2,083E+2
2,176E+2
2,480E+2
2,054E+2
2,256E+2
2,692E+2
2,370E+2
2,703E+2
2,184E+2
4,260E+2
3,679E+2
2,829E+2
2,651E+2
2,209E+2
2,898E+2
3,581E+2
2,579E+2
2,617E+2
2,801E+2
2,101E+2
2,181E+2
2,713E+2
2,772E+2
2,622E+2
2,397E+2
2,385E+2
2,299E+2
2,079E+2
3,026E+2
2,178E+2
2,625E+2
2,170E+2
2,285E+2
2,257E+2
2,215E+2
2,069E+2
2,590E+2
2,181E+2
2,103E+2
2,208E+2
2,262E+2
2,415E+2
2,314E+2
2,548E+2
3,015E+2
2,607E+2
2,261E+2
2,098E+2
2,207E+2
2,894E+2
2,069E+2
2,330E+2
2,484E+2
2,558E+2
2,079E+2
2,191E+2
2,071E+2
2,494E+2
2,399E+2
2,204E+2
2,313E+2
2,303E+2
2,490E+2
2,204E+2
2,156E+2
2,408E+2
2,056E+2
2,422E+2
2,821E+2
2,205E+2
2,367E+2
2,420E+2
2,371E+2
2,211E+2
2,180E+2
2,688E+2
2,815E+2
2,537E+2
2,360E+2
2,196E+2
2,086E+2
2,216E+2
2,307E+2
2,160E+2
2,106E+2
2,317E+2
2,790E+2
2,691E+2
2,201E+2
2,095E+2
2,268E+2
2,622E+2
2,115E+2
2,284E+2
3,087E+2
2,092E+2
2,062E+2
2,347E+2
2,229E+2
2,210E+2
2,102E+2
2,271E+2
2,597E+2
2,698E+2
3,327E+2
2,886E+2
2,052E+2
2,772E+2
2,478E+2
2,091E+2
2,253E+2
2,200E+2
2,227E+2
2,202E+2
2,244E+2
2,114E+2
2,158E+2
2,209E+2
2,216E+2
2,181E+2
2,187E+2
2,191E+2
2,197E+2
2,208E+2
3,000E+2
2,308E+2
2,704E+2
2,635E+2
2,225E+2
2,855E+2
2,590E+2
2,086E+2
2,080E+2
2,173E+2
2,096E+2
2,214E+2
2,301E+2
2,202E+2
2,600E+2
2,273E+2
2,207E+2
2,924E+2
2,306E+2
2,519E+2
2,351E+2
2,064E+2
2,808E+2
2,185E+2
2,789E+2
2,219E+2
2,684E+2
2,810E+2
2,830E+2
2,816E+2
2,299E+2
2,888E+2
2,127E+2
2,292E+2
2,228E+2
2,109E+2
2,196E+2
2,092E+2
2,639E+2
3,203E+2
2,098E+2
2,424E+2
2,397E+2
2,257E+2
2,383E+2
2,296E+2
2,205E+2
2,185E+2
2,200E+2
2,793E+2
3,032E+2
2,541E+2
2,065E+2
2,105E+2
