2,216E+2
2,396E+2
2,593E+2
2,700E+2
2,538E+2
2,831E+2
2,183E+2
3,502E+2
2,170E+2
2,241E+2
2,337E+2
2,343E+2
2,299E+2
2,422E+2
2,228E+2
2,295E+2
2,274E+2
2,615E+2
2,297E+2
2,404E+2
2,428E+2
2,306E+2
2,309E+2
2,503E+2
2,273E+2
2,451E+2
2,362E+2
2,303E+2
2,106E+2
2,428E+2
2,412E+2
2,072E+2
2,088E+2
2,301E+2
2,312E+2
2,068E+2
2,172E+2
2,620E+2
2,716E+2
2,075E+2
2,084E+2
2,464E+2
2,402E+2
2,500E+2
2,214E+2
2,547E+2
2,548E+2
2,074E+2
2,139E+2
2,292E+2
2,175E+2
2,112E+2
2,601E+2
2,095E+2
2,085E+2
2,326E+2
2,212E+2
2,193E+2
2,191E+2
2,386E+2
2,202E+2
2,219E+2
2,209E+2
2,824E+2
2,211E+2
2,977E+2
2,264E+2
2,476E+2
2,493E+2
2,396E+2
2,197E+2
2,271E+2
2,679E+2
2,413E+2
2,317E+2
2,210E+2
2,114E+2
2,278E+2
3,500E+2
2,285E+2
2,119E+2
2,550E+2
2,210E+2
2,303E+2
2,505E+2
2,198E+2
3,301E+2
2,185E+2
3,276E+2
2,281E+2
2,182E+2
2,180E+2
2,092E+2
2,091E+2
2,302E+2
2,216E+2
2,094E+2
2,144E+2
2,180E+2
3,194E+2
2,393E+2
2,416E+2
2,186E+2
2,804E+2
3,311E+2
2,199E+2
2,106E+2
2,362E+2
2,310E+2
2,098E+2
2,090E+2
2,581E+2
2,073E+2
2,267E+2
2,455E+2
2,272E+2
2,094E+2
2,130E+2
2,155E+2
4,363E+2
2,789E+2
3,226E+2
2,125E+2
2,300E+2
2,501E+2
2,277E+2
2,379E+2
2,305E+2
2,214E+2
2,283E+2
2,737E+2
2,524E+2
2,392E+2
2,236E+2
2,428E+2
2,170E+2
2,186E+2
2,181E+2
2,346E+2
2,132E+2
2,198E+2
2,609E+2
2,301E+2
2,092E+2
2,306E+2
2,127E+2
2,496E+2
2,203E+2
2,109E+2
2,121E+2
2,136E+2
2,296E+2
2,208E+2
2,411E+2
2,309E+2
2,074E+2
2,196E+2
2,126E+2
2,098E+2
2,191E+2
2,270E+2
2,111E+2
2,423E+2
2,198E+2
2,300E+2
2,209E+2
2,238E+2
2,092E+2
2,851E+2
2,290E+2
2,394E+2
2,408E+2
2,099E+2
3,095E+2
2,314E+2
2,480E+2
2,202E+2
2,265E+2
2,141E+2
2,295E+2
2,092E+2
2,190E+2
2,297E+2
2,191E+2
2,181E+2
2,482E+2
2,392E+2
2,151E+2
2,404E+2
2,522E+2
2,493E+2
2,577E+2
2,884E+2
2,808E+2
2,763E+2
2,477E+2
2,572E+2
2,284E+2
2,696E+2
2,101E+2
3,002E+2
2,094E+2
2,790E+2
2,952E+2
2,336E+2
2,635E+2
2,778E+2
2,258E+2
2,682E+2
2,088E+2
2,496E+2
2,068E+2
2,387E+2
2,335E+2
2,071E+2
2,070E+2
2,087E+2
2,175E+2
2,068E+2
2,103E+2
2,495E+2
2,349E+2
2,505E+2
2,186E+2
2,476E+2
2,173E+2
2,103E+2
2,547E+2
2,406E+2
2,576E+2
2,629E+2
3,582E+2
2,509E+2
2,623E+2
2,352E+2
2,794E+2
2,391E+2
2,400E+2
2,382E+2
2,294E+2
2,309E+2
2,152E+2
2,140E+2
3,197E+2
2,159E+2
3,205E+2
2,276E+2
2,250E+2
2,194E+2
2,194E+2
2,878E+2
2,864E+2
2,172E+2
2,217E+2
2,805E+2
2,180E+2
2,219E+2
2,636E+2
2,647E+2
2,264E+2
2,490E+2
2,420E+2
2,207E+2
2,102E+2
3,164E+2
2,179E+2
2,920E+2
2,684E+2
2,288E+2
2,301E+2
2,339E+2
2,286E+2
4,398E+2
2,311E+2
2,420E+2
2,210E+2
2,558E+2
2,333E+2
2,308E+2
2,173E+2
2,411E+2
2,699E+2
2,235E+2
2,339E+2
2,094E+2
2,434E+2
2,062E+2
2,210E+2
2,097E+2
2,226E+2
2,335E+2
2,163E+2
3,040E+2
2,188E+2
2,407E+2
3,192E+2
2,124E+2
2,213E+2
2,054E+2
3,181E+2
2,153E+2
2,235E+2
2,716E+2
2,315E+2
2,791E+2
2,103E+2
2,330E+2
2,507E+2
2,219E+2
3,540E+2
2,334E+2
2,262E+2
2,233E+2
2,156E+2
2,630E+2
2,117E+2
2,209E+2
2,599E+2
2,401E+2
2,534E+2
2,324E+2
2,630E+2
2,292E+2
2,695E+2
2,568E+2
2,376E+2
2,191E+2
2,277E+2
2,064E+2
2,395E+2
2,281E+2
3,175E+2
2,674E+2
2,138E+2
2,487E+2
2,101E+2
2,593E+2
2,206E+2
2,532E+2
2,079E+2
2,500E+2
2,283E+2
3,109E+2
2,319E+2
2,189E+2
2,737E+2
2,194E+2
2,893E+2
2,186E+2
2,200E+2
3,124E+2
2,190E+2
2,197E+2
2,125E+2
2,191E+2
2,226E+2
2,211E+2
2,323E+2
2,699E+2
2,092E+2
2,216E+2
2,302E+2
2,116E+2
2,403E+2
3,435E+2
2,122E+2
2,129E+2
2,080E+2
2,152E+2
2,166E+2
2,641E+2
2,260E+2
2,268E+2
2,267E+2
2,485E+2
2,412E+2
2,501E+2
3,001E+2
2,205E+2
2,108E+2
2,353E+2
2,413E+2
2,214E+2
2,289E+2
2,260E+2
2,084E+2
2,635E+2
2,597E+2
2,472E+2
2,821E+2
2,080E+2
3,106E+2
2,107E+2
3,304E+2
2,345E+2
2,507E+2
2,599E+2
2,475E+2
2,113E+2
2,587E+2
2,424E+2
2,267E+2
2,798E+2
2,590E+2
2,691E+2
2,905E+2
2,183E+2
2,134E+2
2,885E+2
2,189E+2
2,256E+2
2,096E+2
2,259E+2
2,183E+2
2,150E+2
2,193E+2
2,589E+2
3,379E+2
2,591E+2
2,828E+2
2,199E+2
2,557E+2
2,419E+2
2,192E+2
2,282E+2
2,077E+2
3,070E+2
2,103E+2
2,642E+2
2,491E+2
2,763E+2
2,680E+2
2,200E+2
3,045E+2
2,181E+2
2,278E+2
2,174E+2
2,122E+2
2,295E+2
2,805E+2
2,307E+2
2,805E+2
2,290E+2
2,144E+2
2,313E+2
2,405E+2
2,482E+2
2,708E+2
2,709E+2
2,995E+2
2,322E+2
2,892E+2
2,374E+2
2,283E+2
2,724E+2
2,535E+2
2,394E+2
2,064E+2
2,695E+2
2,114E+2
2,600E+2
2,553E+2
2,148E+2
2,396E+2
2,130E+2
2,166E+2
2,482E+2
2,062E+2
2,300E+2
2,076E+2
2,099E+2
2,258E+2
3,699E+2
2,833E+2
2,101E+2
2,493E+2
2,261E+2
2,406E+2
2,089E+2
2,130E+2
2,396E+2
2,197E+2
3,050E+2
3,200E+2
3,313E+2
2,534E+2
3,408E+2
3,523E+2
2,107E+2
2,312E+2
2,789E+2
2,606E+2
2,301E+2
2,593E+2
2,129E+2
2,196E+2
2,097E+2
2,293E+2
2,403E+2
2,101E+2
