0,000E+0	0,000E+0
1,819E+1	2,090E-14
3,637E+1	2,114E-14
5,456E+1	2,259E-14
7,275E+1	2,979E-14
9,093E+1	7,389E-14
1,091E+2	3,247E-13
1,273E+2	1,416E-12
1,455E+2	6,186E-12
1,637E+2	1,854E-11
1,819E+2	4,541E-11
2,001E+2	1,034E-10
2,182E+2	2,215E-10
2,364E+2	3,981E-10
2,546E+2	6,152E-10
2,728E+2	9,170E-10
2,910E+2	1,490E-9
3,092E+2	2,618E-9
3,274E+2	4,561E-9
3,455E+2	7,055E-9
3,637E+2	9,731E-9
3,819E+2	1,473E-8
4,001E+2	2,195E-8
4,183E+2	3,072E-8
4,365E+2	4,111E-8
4,547E+2	6,447E-8
4,728E+2	9,617E-8
4,910E+2	1,303E-7
5,092E+2	1,773E-7
5,274E+2	2,328E-7
5,456E+2	3,007E-7
5,638E+2	3,844E-7
5,820E+2	5,191E-7
6,002E+2	6,663E-7
6,183E+2	8,750E-7
6,365E+2	1,235E-6
6,547E+2	1,662E-6
6,729E+2	2,117E-6
6,911E+2	2,731E-6
7,093E+2	3,083E-6
7,275E+2	3,842E-6
7,456E+2	4,791E-6
7,638E+2	5,450E-6
7,820E+2	6,160E-6
8,002E+2	7,341E-6
8,184E+2	7,284E-6
8,366E+2	8,287E-6
8,548E+2	8,530E-6
8,729E+2	9,416E-6
8,911E+2	1,069E-5
9,093E+2	1,216E-5
9,275E+2	1,388E-5
9,457E+2	1,367E-5
9,639E+2	1,550E-5
9,821E+2	1,804E-5
1,000E+3	1,931E-5
1,018E+3	2,134E-5
1,037E+3	2,477E-5
1,055E+3	2,778E-5
1,073E+3	3,719E-5
1,091E+3	4,432E-5
1,109E+3	4,742E-5
1,128E+3	5,405E-5
1,146E+3	6,178E-5
1,164E+3	7,413E-5
1,182E+3	8,786E-5
1,200E+3	9,862E-5
1,218E+3	1,189E-4
1,237E+3	1,364E-4
1,255E+3	1,514E-4
1,273E+3	1,902E-4
1,291E+3	2,248E-4
1,309E+3	2,394E-4
1,328E+3	3,077E-4
1,346E+3	3,493E-4
1,364E+3	3,869E-4
1,382E+3	4,008E-4
1,400E+3	5,010E-4
1,419E+3	5,560E-4
1,437E+3	6,067E-4
1,455E+3	6,169E-4
1,473E+3	7,021E-4
1,491E+3	8,183E-4
1,509E+3	9,356E-4
1,528E+3	9,828E-4
1,546E+3	1,006E-3
1,564E+3	1,126E-3
1,582E+3	1,161E-3
1,600E+3	1,351E-3
1,619E+3	1,550E-3
1,637E+3	1,546E-3
1,655E+3	1,699E-3
1,673E+3	1,944E-3
1,691E+3	2,002E-3
1,710E+3	2,084E-3
1,728E+3	2,270E-3
1,746E+3	2,465E-3
1,764E+3	2,619E-3
1,782E+3	2,936E-3
1,800E+3	3,025E-3
1,819E+3	3,401E-3
1,837E+3	3,733E-3
1,855E+3	4,218E-3
1,873E+3	4,869E-3
1,891E+3	5,681E-3
1,910E+3	5,859E-3
1,928E+3	6,060E-3
1,946E+3	7,000E-3
1,964E+3	7,619E-3
1,982E+3	8,123E-3
2,001E+3	8,312E-3
2,019E+3	8,802E-3
2,037E+3	9,634E-3
2,055E+3	1,082E-2
2,073E+3	1,138E-2
2,091E+3	1,143E-2
2,110E+3	1,150E-2
2,128E+3	1,108E-2
2,146E+3	1,052E-2
2,164E+3	9,717E-3
2,182E+3	9,498E-3
2,201E+3	9,667E-3
2,219E+3	9,441E-3
2,237E+3	9,937E-3
2,255E+3	1,058E-2
2,273E+3	1,020E-2
2,291E+3	1,079E-2
2,310E+3	1,129E-2
2,328E+3	1,104E-2
2,346E+3	1,165E-2
2,364E+3	1,248E-2
2,382E+3	1,227E-2
2,401E+3	1,224E-2
2,419E+3	1,357E-2
2,437E+3	1,441E-2
2,455E+3	1,750E-2
2,473E+3	1,815E-2
2,492E+3	1,919E-2
2,510E+3	2,265E-2
2,528E+3	2,399E-2
2,546E+3	2,520E-2
2,564E+3	2,818E-2
2,582E+3	3,177E-2
2,601E+3	3,671E-2
2,619E+3	4,391E-2
2,637E+3	4,964E-2
2,655E+3	6,002E-2
2,673E+3	7,441E-2
2,692E+3	9,575E-2
2,710E+3	1,072E-1
2,728E+3	1,316E-1
2,746E+3	1,712E-1
2,764E+3	2,299E-1
2,783E+3	2,622E-1
2,801E+3	3,363E-1
2,819E+3	4,015E-1
2,837E+3	4,695E-1
2,855E+3	4,818E-1
2,873E+3	5,131E-1
2,892E+3	4,622E-1
2,910E+3	3,889E-1
2,928E+3	2,979E-1
2,946E+3	2,173E-1
2,964E+3	1,380E-1
2,983E+3	9,486E-2
3,001E+3	6,257E-2
3,019E+3	3,949E-2
3,037E+3	2,972E-2
3,055E+3	2,302E-2
3,073E+3	1,948E-2
3,092E+3	1,619E-2
3,110E+3	1,254E-2
3,128E+3	1,023E-2
3,146E+3	7,695E-3
3,164E+3	5,526E-3
3,183E+3	3,988E-3
3,201E+3	2,820E-3
3,219E+3	2,252E-3
3,237E+3	1,666E-3
3,255E+3	1,363E-3
3,274E+3	1,034E-3
3,292E+3	8,472E-4
3,310E+3	7,087E-4
3,328E+3	5,727E-4
3,346E+3	4,818E-4
3,364E+3	4,402E-4
3,383E+3	3,910E-4
3,401E+3	3,651E-4
3,419E+3	3,276E-4
3,437E+3	3,222E-4
3,455E+3	3,257E-4
3,474E+3	3,200E-4
3,492E+3	2,834E-4
3,510E+3	2,610E-4
3,528E+3	2,259E-4
3,546E+3	2,082E-4
3,565E+3	1,993E-4
3,583E+3	2,156E-4
3,601E+3	2,124E-4
3,619E+3	2,171E-4
3,637E+3	2,008E-4
3,655E+3	2,033E-4
3,674E+3	1,805E-4
3,692E+3	1,686E-4
3,710E+3	1,566E-4
3,728E+3	1,543E-4
3,746E+3	1,648E-4
3,765E+3	1,507E-4
3,783E+3	1,382E-4
3,801E+3	1,357E-4
3,819E+3	1,411E-4
3,837E+3	1,521E-4
3,856E+3	1,490E-4
3,874E+3	1,349E-4
3,892E+3	1,361E-4
3,910E+3	1,340E-4
3,928E+3	1,314E-4
3,946E+3	1,282E-4
3,965E+3	1,208E-4
3,983E+3	1,122E-4
4,001E+3	1,143E-4
4,019E+3	1,213E-4
4,037E+3	1,129E-4
4,056E+3	1,073E-4
4,074E+3	9,646E-5
4,092E+3	8,498E-5
4,110E+3	8,943E-5
4,128E+3	9,538E-5
4,146E+3	1,031E-4
4,165E+3	9,941E-5
4,183E+3	9,809E-5
4,201E+3	8,454E-5
4,219E+3	9,128E-5
4,237E+3	1,040E-4
4,256E+3	1,065E-4
4,274E+3	1,112E-4
4,292E+3	1,028E-4
4,310E+3	8,997E-5
4,328E+3	7,850E-5
4,347E+3	8,472E-5
4,365E+3	8,342E-5
4,383E+3	7,988E-5
4,401E+3	7,133E-5
4,419E+3	7,400E-5
4,437E+3	7,216E-5
4,456E+3	6,923E-5
4,474E+3	7,054E-5
4,492E+3	7,341E-5
4,510E+3	7,898E-5
4,528E+3	7,974E-5
4,547E+3	7,479E-5
4,565E+3	8,238E-5
4,583E+3	8,848E-5
4,601E+3	8,484E-5
4,619E+3	7,999E-5
4,638E+3	8,244E-5
4,656E+3	8,363E-5
4,674E+3	8,962E-5
4,692E+3	8,122E-5
4,710E+3	9,333E-5
4,728E+3	9,662E-5
4,747E+3	7,973E-5
4,765E+3	8,141E-5
4,783E+3	8,401E-5
4,801E+3	7,756E-5
4,819E+3	7,776E-5
4,838E+3	8,256E-5
4,856E+3	9,695E-5
4,874E+3	9,944E-5
4,892E+3	1,038E-4
4,910E+3	1,135E-4
4,929E+3	1,122E-4
4,947E+3	1,117E-4
4,965E+3	1,058E-4
4,983E+3	1,034E-4
5,001E+3	1,028E-4
5,019E+3	1,090E-4
5,038E+3	1,136E-4
5,056E+3	1,052E-4
5,074E+3	1,056E-4
5,092E+3	1,190E-4
5,110E+3	1,259E-4
5,129E+3	1,396E-4
5,147E+3	1,364E-4
5,165E+3	1,384E-4
5,183E+3	1,546E-4
5,201E+3	1,729E-4
5,219E+3	1,696E-4
5,238E+3	1,718E-4
5,256E+3	1,857E-4
5,274E+3	2,222E-4
5,292E+3	2,877E-4
5,310E+3	3,415E-4
5,329E+3	4,169E-4
5,347E+3	5,022E-4
5,365E+3	5,378E-4
5,383E+3	5,549E-4
5,401E+3	6,406E-4
5,420E+3	7,825E-4
5,438E+3	1,085E-3
5,456E+3	1,095E-3
5,474E+3	1,012E-3
5,492E+3	1,103E-3
5,510E+3	1,211E-3
5,529E+3	1,027E-3
5,547E+3	9,999E-4
5,565E+3	1,099E-3
5,583E+3	1,008E-3
5,601E+3	9,203E-4
5,620E+3	9,723E-4
5,638E+3	9,312E-4
5,656E+3	8,430E-4
5,674E+3	7,319E-4
5,692E+3	6,544E-4
5,711E+3	5,961E-4
5,729E+3	6,073E-4
5,747E+3	6,473E-4
5,765E+3	6,857E-4
5,783E+3	7,256E-4
5,801E+3	7,409E-4
5,820E+3	7,263E-4
5,838E+3	7,000E-4
5,856E+3	6,768E-4
5,874E+3	6,278E-4
5,892E+3	5,672E-4
5,911E+3	5,222E-4
5,929E+3	5,084E-4
5,947E+3	4,896E-4
5,965E+3	5,090E-4
5,983E+3	5,345E-4
6,002E+3	5,625E-4
6,020E+3	5,453E-4
6,038E+3	5,314E-4
6,056E+3	4,761E-4
6,074E+3	4,305E-4
6,092E+3	3,908E-4
6,111E+3	3,578E-4
6,129E+3	3,527E-4
6,147E+3	3,307E-4
6,165E+3	3,031E-4
6,183E+3	2,999E-4
6,202E+3	3,269E-4
6,220E+3	3,808E-4
6,238E+3	4,136E-4
6,256E+3	4,408E-4
6,274E+3	4,751E-4
6,292E+3	4,893E-4
6,311E+3	5,009E-4
6,329E+3	5,337E-4
6,347E+3	5,508E-4
6,365E+3	5,717E-4
6,383E+3	5,768E-4
6,402E+3	5,483E-4
6,420E+3	5,429E-4
6,438E+3	5,311E-4
6,456E+3	5,054E-4
6,474E+3	4,871E-4
6,493E+3	4,728E-4
6,511E+3	4,734E-4
6,529E+3	4,500E-4
6,547E+3	4,374E-4
6,565E+3	3,974E-4
6,583E+3	3,686E-4
6,602E+3	3,452E-4
6,620E+3	3,068E-4
6,638E+3	2,764E-4
6,656E+3	2,578E-4
6,674E+3	2,553E-4
6,693E+3	2,466E-4
6,711E+3	2,291E-4
6,729E+3	2,068E-4
6,747E+3	1,807E-4
6,765E+3	1,614E-4
6,784E+3	1,535E-4
6,802E+3	1,472E-4
6,820E+3	1,428E-4
6,838E+3	1,420E-4
6,856E+3	1,446E-4
6,874E+3	1,425E-4
6,893E+3	1,256E-4
6,911E+3	1,161E-4
6,929E+3	1,102E-4
6,947E+3	1,008E-4
6,965E+3	9,752E-5
6,984E+3	9,032E-5
7,002E+3	9,383E-5
7,020E+3	9,517E-5
7,038E+3	9,153E-5
7,056E+3	8,256E-5
7,074E+3	8,796E-5
7,093E+3	8,817E-5
7,111E+3	8,629E-5
7,129E+3	7,679E-5
7,147E+3	6,805E-5
7,165E+3	7,180E-5
7,184E+3	6,994E-5
7,202E+3	6,554E-5
7,220E+3	6,892E-5
7,238E+3	6,972E-5
7,256E+3	6,414E-5
7,275E+3	6,380E-5
7,293E+3	6,424E-5
7,311E+3	6,416E-5
7,329E+3	7,413E-5
7,347E+3	7,480E-5
7,365E+3	6,657E-5
7,384E+3	6,062E-5
7,402E+3	6,065E-5
7,420E+3	6,036E-5
7,438E+3	6,269E-5
7,456E+3	6,526E-5
7,475E+3	6,340E-5
7,493E+3	5,988E-5
