1,070E+3
1,268E+3
1,297E+3
1,241E+3
1,176E+3
8,904E+2
2,531E+2
1,308E+3
1,218E+3
1,221E+3
1,270E+3
1,217E+3
1,354E+3
1,227E+3
1,289E+3
8,100E+2
1,219E+3
1,252E+3
2,705E+2
1,171E+3
1,177E+3
1,168E+3
1,216E+3
1,256E+3
1,179E+3
1,268E+3
2,108E+2
1,289E+3
1,207E+3
4,225E+2
1,190E+3
1,290E+3
2,151E+2
1,315E+3
1,053E+3
1,160E+3
1,271E+3
1,217E+3
1,216E+3
1,220E+3
1,279E+3
1,200E+3
1,258E+3
1,243E+3
1,237E+3
1,184E+3
1,150E+3
2,206E+2
1,228E+3
2,081E+2
1,269E+3
1,200E+3
1,238E+3
1,285E+3
1,275E+3
1,308E+3
1,259E+3
1,095E+3
3,005E+2
1,213E+3
1,108E+3
1,202E+3
1,311E+3
1,249E+3
1,075E+3
1,245E+3
1,223E+3
1,275E+3
1,229E+3
1,179E+3
1,245E+3
1,210E+3
1,160E+3
1,142E+3
1,227E+3
1,090E+3
1,182E+3
1,196E+3
1,256E+3
6,297E+2
1,129E+3
1,091E+3
1,328E+3
2,389E+2
1,230E+3
1,261E+3
1,163E+3
1,394E+3
1,256E+3
4,641E+2
1,259E+3
1,199E+3
2,238E+2
1,180E+3
1,260E+3
1,090E+3
1,268E+3
2,192E+2
1,329E+3
1,172E+3
1,274E+3
1,223E+3
1,263E+3
1,193E+3
2,076E+2
1,235E+3
1,149E+3
1,197E+3
2,414E+2
3,096E+2
1,150E+3
1,198E+3
5,709E+2
1,150E+3
1,312E+3
1,061E+3
1,235E+3
1,216E+3
1,341E+3
6,614E+2
1,224E+3
1,245E+3
1,055E+3
1,229E+3
1,097E+3
1,163E+3
1,211E+3
3,611E+2
7,587E+2
1,245E+3
1,020E+3
1,241E+3
1,332E+3
1,213E+3
1,261E+3
4,204E+2
7,886E+2
1,298E+3
1,269E+3
1,286E+3
1,201E+3
2,182E+2
5,067E+2
1,297E+3
1,144E+3
1,210E+3
1,241E+3
3,026E+2
1,241E+3
4,928E+2
1,259E+3
1,198E+3
2,109E+2
1,202E+3
1,314E+3
1,192E+3
1,322E+3
4,577E+2
1,280E+3
1,291E+3
1,117E+3
1,209E+3
1,178E+3
1,191E+3
1,187E+3
3,131E+2
1,251E+3
1,064E+3
1,160E+3
4,114E+2
6,186E+2
1,284E+3
8,795E+2
1,231E+3
1,263E+3
1,264E+3
1,261E+3
1,207E+3
1,140E+3
1,307E+3
3,505E+2
1,251E+3
2,615E+2
1,265E+3
1,259E+3
1,168E+3
1,212E+3
3,906E+2
1,248E+3
5,211E+2
1,192E+3
2,150E+2
1,223E+3
1,231E+3
1,315E+3
1,235E+3
1,222E+3
1,106E+3
1,252E+3
1,213E+3
1,269E+3
1,208E+3
1,239E+3
1,272E+3
1,210E+3
1,270E+3
1,198E+3
1,255E+3
1,172E+3
1,243E+3
1,229E+3
1,172E+3
4,374E+2
1,308E+3
1,242E+3
1,195E+3
1,211E+3
1,305E+3
3,866E+2
1,161E+3
1,187E+3
1,245E+3
1,141E+3
1,261E+3
2,918E+2
1,292E+3
2,867E+2
1,241E+3
1,083E+3
1,271E+3
6,696E+2
9,696E+2
1,202E+3
2,283E+2
1,110E+3
2,749E+2
1,299E+3
1,202E+3
1,256E+3
4,181E+2
1,325E+3
1,230E+3
1,263E+3
2,216E+2
1,235E+3
1,221E+3
5,238E+2
1,234E+3
2,133E+2
8,911E+2
1,260E+3
1,227E+3
2,178E+2
2,375E+2
1,161E+3
1,178E+3
1,307E+3
2,317E+2
1,219E+3
1,194E+3
1,312E+3
1,132E+3
1,230E+3
1,315E+3
1,222E+3
6,193E+2
2,276E+2
1,211E+3
5,291E+2
2,318E+2
1,241E+3
1,274E+3
1,328E+3
1,180E+3
6,917E+2
1,335E+3
1,258E+3
1,181E+3
1,186E+3
1,288E+3
4,107E+2
4,133E+2
1,255E+3
1,317E+3
4,222E+2
1,236E+3
1,163E+3
1,241E+3
1,324E+3
1,186E+3
1,178E+3
1,310E+3
8,510E+2
1,191E+3
1,156E+3
1,274E+3
1,251E+3
1,231E+3
1,259E+3
2,900E+2
1,199E+3
5,201E+2
9,599E+2
5,301E+2
2,962E+2
1,245E+3
1,200E+3
1,303E+3
3,085E+2
1,013E+3
4,721E+2
4,172E+2
1,172E+3
1,338E+3
1,052E+3
2,302E+2
1,055E+3
1,310E+3
1,200E+3
3,590E+2
1,173E+3
5,201E+2
3,555E+2
1,274E+3
4,182E+2
1,181E+3
1,291E+3
1,089E+3
1,180E+3
1,210E+3
1,164E+3
1,209E+3
1,316E+3
1,281E+3
1,170E+3
1,139E+3
1,297E+3
1,288E+3
1,238E+3
1,243E+3
3,266E+2
6,894E+2
1,236E+3
2,380E+2
1,239E+3
2,451E+2
1,272E+3
1,234E+3
1,180E+3
1,246E+3
5,822E+2
1,270E+3
2,309E+2
2,093E+2
1,295E+3
2,515E+2
1,272E+3
1,268E+3
1,275E+3
1,306E+3
1,202E+3
1,237E+3
1,302E+3
1,207E+3
1,081E+3
1,280E+3
1,218E+3
1,152E+3
1,309E+3
1,140E+3
1,228E+3
1,151E+3
1,336E+3
3,324E+2
2,065E+2
1,224E+3
2,126E+2
1,173E+3
1,189E+3
1,165E+3
1,374E+3
1,182E+3
1,117E+3
1,189E+3
1,240E+3
1,192E+3
1,262E+3
6,709E+2
1,173E+3
1,238E+3
9,278E+2
2,219E+2
1,170E+3
1,092E+3
1,240E+3
1,084E+3
1,354E+3
1,176E+3
1,254E+3
2,744E+2
2,214E+2
1,185E+3
1,299E+3
2,114E+2
1,260E+3
1,201E+3
2,502E+2
2,091E+2
1,281E+3
1,272E+3
2,086E+2
1,211E+3
2,274E+2
1,290E+3
1,279E+3
1,223E+3
1,253E+3
1,364E+3
2,201E+2
2,396E+2
3,221E+2
1,321E+3
1,242E+3
1,184E+3
6,227E+2
2,499E+2
1,174E+3
1,230E+3
2,111E+2
2,062E+2
1,242E+3
1,222E+3
1,201E+3
1,207E+3
1,241E+3
2,094E+2
1,168E+3
1,279E+3
6,110E+2
1,230E+3
2,366E+2
1,240E+3
1,161E+3
1,239E+3
1,313E+3
1,329E+3
3,989E+2
5,679E+2
1,242E+3
1,320E+3
1,238E+3
7,546E+2
1,200E+3
1,252E+3
1,194E+3
1,250E+3
1,152E+3
1,211E+3
8,871E+2
2,203E+2
1,173E+3
1,274E+3
1,178E+3
1,293E+3
1,128E+3
2,106E+2
2,357E+2
1,251E+3
1,247E+3
1,305E+3
1,182E+3
1,250E+3
1,270E+3
1,232E+3
1,208E+3
1,240E+3
1,290E+3
1,211E+3
8,198E+2
2,888E+2
1,340E+3
1,231E+3
1,230E+3
1,281E+3
1,208E+3
1,284E+3
1,200E+3
1,309E+3
1,021E+3
1,214E+3
1,261E+3
1,160E+3
3,699E+2
1,195E+3
3,786E+2
1,202E+3
2,604E+2
2,332E+2
1,239E+3
1,235E+3
