4,400E+2
2,904E+2
3,288E+2
2,694E+2
2,432E+2
2,676E+2
5,100E+2
2,074E+2
3,957E+2
3,395E+2
4,392E+2
3,811E+2
2,117E+2
3,991E+2
4,526E+2
3,620E+2
4,276E+2
3,151E+2
3,505E+2
6,194E+2
4,297E+2
3,144E+2
3,709E+2
3,871E+2
3,071E+2
4,613E+2
4,110E+2
3,588E+2
3,658E+2
3,014E+2
4,098E+2
2,120E+2
3,012E+2
3,129E+2
3,772E+2
3,706E+2
3,163E+2
2,585E+2
5,727E+2
4,483E+2
4,737E+2
5,800E+2
2,097E+2
4,121E+2
2,900E+2
3,571E+2
4,098E+2
7,591E+2
4,922E+2
3,200E+2
3,420E+2
4,904E+2
3,588E+2
3,477E+2
4,160E+2
4,689E+2
2,928E+2
4,111E+2
3,000E+2
4,718E+2
5,473E+2
3,107E+2
4,487E+2
3,498E+2
4,680E+2
4,371E+2
4,007E+2
3,625E+2
2,872E+2
3,672E+2
4,491E+2
4,091E+2
5,393E+2
3,397E+2
3,512E+2
2,185E+2
3,205E+2
4,439E+2
4,099E+2
2,553E+2
4,229E+2
2,942E+2
2,487E+2
3,541E+2
4,080E+2
4,620E+2
4,668E+2
2,892E+2
3,719E+2
3,892E+2
4,139E+2
3,276E+2
4,820E+2
3,799E+2
4,467E+2
3,101E+2
4,943E+2
3,045E+2
3,791E+2
2,611E+2
2,661E+2
5,432E+2
4,426E+2
2,795E+2
2,526E+2
3,741E+2
4,508E+2
2,386E+2
3,808E+2
3,505E+2
2,943E+2
4,596E+2
2,751E+2
2,649E+2
2,960E+2
4,421E+2
6,323E+2
2,806E+2
3,001E+2
3,296E+2
2,692E+2
4,101E+2
4,277E+2
4,711E+2
4,286E+2
2,924E+2
3,997E+2
5,326E+2
4,760E+2
4,268E+2
4,181E+2
3,917E+2
2,908E+2
4,192E+2
3,392E+2
2,500E+2
4,160E+2
2,896E+2
3,817E+2
5,644E+2
3,341E+2
4,026E+2
2,832E+2
2,443E+2
3,368E+2
4,430E+2
5,601E+2
2,949E+2
4,003E+2
2,704E+2
4,416E+2
3,423E+2
2,918E+2
2,823E+2
3,093E+2
4,260E+2
3,715E+2
4,003E+2
2,385E+2
4,801E+2
3,381E+2
3,790E+2
5,121E+2
2,570E+2
4,375E+2
3,289E+2
3,220E+2
2,519E+2
3,796E+2
4,181E+2
3,164E+2
2,132E+2
3,501E+2
3,952E+2
4,183E+2
3,507E+2
2,884E+2
5,090E+2
3,385E+2
4,176E+2
2,581E+2
3,815E+2
3,394E+2
2,242E+2
4,311E+2
4,946E+2
4,926E+2
2,796E+2
4,316E+2
4,711E+2
3,355E+2
5,183E+2
2,699E+2
3,783E+2
5,086E+2
3,820E+2
3,294E+2
3,386E+2
4,046E+2
3,760E+2
2,463E+2
2,481E+2
2,108E+2
2,976E+2
2,908E+2
3,274E+2
4,014E+2
3,776E+2
2,386E+2
2,091E+2
5,181E+2
4,667E+2
3,876E+2
4,728E+2
3,100E+2
3,803E+2
4,763E+2
4,415E+2
3,729E+2
2,062E+2
2,944E+2
4,528E+2
6,404E+2
4,387E+2
4,007E+2
3,683E+2
2,081E+2
4,095E+2
4,528E+2
2,382E+2
3,328E+2
2,942E+2
3,614E+2
3,917E+2
4,021E+2
5,044E+2
3,316E+2
2,213E+2
2,483E+2
3,110E+2
3,999E+2
5,519E+2
3,704E+2
4,071E+2
4,517E+2
4,772E+2
2,975E+2
3,898E+2
4,196E+2
3,697E+2
5,130E+2
3,608E+2
3,957E+2
4,388E+2
3,966E+2
2,754E+2
3,874E+2
3,904E+2
2,419E+2
4,129E+2
3,011E+2
5,319E+2
3,890E+2
4,425E+2
5,081E+2
4,422E+2
3,645E+2
2,313E+2
5,792E+2
3,172E+2
3,191E+2
2,732E+2
2,901E+2
4,725E+2
4,063E+2
5,801E+2
3,413E+2
2,095E+2
3,021E+2
2,314E+2
3,204E+2
4,584E+2
4,056E+2
3,458E+2
6,095E+2
4,600E+2
2,519E+2
3,212E+2
3,163E+2
2,184E+2
5,311E+2
4,238E+2
3,858E+2
2,790E+2
4,103E+2
2,719E+2
3,074E+2
2,244E+2
3,230E+2
2,809E+2
2,220E+2
2,405E+2
3,296E+2
4,004E+2
3,995E+2
2,213E+2
4,141E+2
2,152E+2
4,406E+2
3,161E+2
5,802E+2
4,140E+2
2,114E+2
7,806E+2
3,279E+2
3,561E+2
4,473E+2
5,536E+2
3,510E+2
3,904E+2
3,083E+2
5,110E+2
3,905E+2
3,045E+2
4,881E+2
2,782E+2
3,597E+2
2,332E+2
2,179E+2
4,070E+2
3,799E+2
2,410E+2
3,268E+2
4,429E+2
5,253E+2
2,299E+2
2,902E+2
2,921E+2
3,537E+2
2,384E+2
5,633E+2
3,185E+2
3,413E+2
4,167E+2
2,655E+2
3,668E+2
2,219E+2
3,890E+2
5,162E+2
2,128E+2
3,087E+2
3,482E+2
2,720E+2
3,728E+2
2,912E+2
4,196E+2
4,909E+2
3,167E+2
2,684E+2
5,177E+2
5,867E+2
2,488E+2
3,971E+2
3,220E+2
4,009E+2
3,158E+2
4,180E+2
2,467E+2
2,979E+2
4,257E+2
4,664E+2
3,199E+2
2,638E+2
3,925E+2
3,004E+2
2,619E+2
4,587E+2
2,915E+2
4,095E+2
4,756E+2
4,313E+2
3,548E+2
2,899E+2
2,889E+2
5,243E+2
3,927E+2
2,663E+2
2,930E+2
3,919E+2
3,414E+2
3,502E+2
2,603E+2
4,050E+2
4,105E+2
2,749E+2
3,487E+2
3,910E+2
3,494E+2
4,930E+2
2,954E+2
4,524E+2
3,086E+2
3,902E+2
5,881E+2
4,225E+2
3,287E+2
2,546E+2
2,145E+2
3,710E+2
2,919E+2
2,445E+2
4,901E+2
4,738E+2
2,099E+2
4,305E+2
3,561E+2
4,190E+2
4,322E+2
2,893E+2
3,701E+2
4,027E+2
2,887E+2
2,696E+2
4,458E+2
4,247E+2
3,908E+2
2,601E+2
3,053E+2
3,630E+2
3,398E+2
3,423E+2
3,567E+2
2,983E+2
3,297E+2
2,409E+2
3,920E+2
4,799E+2
2,599E+2
2,286E+2
2,642E+2
3,340E+2
2,884E+2
2,763E+2
4,501E+2
4,360E+2
3,078E+2
3,014E+2
4,516E+2
4,495E+2
3,381E+2
4,398E+2
3,012E+2
2,903E+2
4,307E+2
3,634E+2
3,761E+2
3,406E+2
6,912E+2
4,331E+2
4,509E+2
5,185E+2
3,513E+2
3,312E+2
3,289E+2
4,169E+2
3,832E+2
2,422E+2
3,471E+2
5,002E+2
4,575E+2
2,627E+2
2,803E+2
3,481E+2
3,878E+2
3,503E+2
3,212E+2
3,517E+2
3,451E+2
4,599E+2
4,869E+2
2,257E+2
2,210E+2
2,716E+2
3,262E+2
2,430E+2
2,783E+2
3,817E+2
3,508E+2
3,563E+2
3,541E+2
3,774E+2
4,003E+2
4,843E+2
4,242E+2
3,096E+2
3,987E+2
3,816E+2
2,336E+2
3,037E+2
4,994E+2
