6,209E+2
7,371E+2
6,289E+2
6,289E+2
2,372E+2
4,308E+2
4,884E+2
7,413E+2
8,214E+2
5,956E+2
7,526E+2
4,443E+2
6,631E+2
4,216E+2
7,184E+2
5,681E+2
4,095E+2
7,384E+2
8,601E+2
4,504E+2
7,635E+2
6,876E+2
5,271E+2
4,199E+2
7,274E+2
7,711E+2
9,001E+2
7,624E+2
7,067E+2
2,057E+2
4,016E+2
6,910E+2
7,955E+2
7,407E+2
7,180E+2
8,006E+2
7,808E+2
7,210E+2
8,373E+2
4,260E+2
7,995E+2
8,266E+2
7,192E+2
5,870E+2
7,418E+2
7,735E+2
2,469E+2
2,443E+2
7,289E+2
7,118E+2
7,782E+2
6,789E+2
7,039E+2
6,886E+2
8,005E+2
7,384E+2
5,599E+2
6,818E+2
7,099E+2
6,478E+2
2,284E+2
6,807E+2
7,959E+2
8,680E+2
6,303E+2
4,579E+2
6,944E+2
6,507E+2
9,333E+2
8,351E+2
6,403E+2
5,482E+2
5,188E+2
7,698E+2
2,437E+2
4,575E+2
4,378E+2
4,808E+2
7,028E+2
7,477E+2
3,605E+2
6,008E+2
7,493E+2
4,301E+2
6,784E+2
2,100E+2
7,179E+2
7,292E+2
7,931E+2
6,921E+2
6,693E+2
7,584E+2
7,724E+2
6,794E+2
7,621E+2
2,807E+2
7,819E+2
6,923E+2
6,493E+2
5,321E+2
4,700E+2
4,099E+2
6,512E+2
6,722E+2
4,510E+2
7,112E+2
7,501E+2
8,151E+2
9,302E+2
7,879E+2
7,656E+2
6,299E+2
7,399E+2
7,580E+2
1,021E+3
7,279E+2
5,621E+2
8,929E+2
7,795E+2
9,801E+2
4,510E+2
6,135E+2
8,205E+2
5,993E+2
6,999E+2
2,231E+2
7,303E+2
8,405E+2
4,167E+2
8,776E+2
8,678E+2
7,324E+2
7,473E+2
8,000E+2
8,425E+2
2,228E+2
7,688E+2
7,919E+2
6,657E+2
2,877E+2
6,311E+2
8,218E+2
7,351E+2
6,222E+2
4,246E+2
6,820E+2
6,729E+2
4,080E+2
7,526E+2
6,405E+2
8,095E+2
7,937E+2
3,788E+2
8,430E+2
8,614E+2
5,452E+2
6,383E+2
7,403E+2
4,000E+2
4,201E+2
7,803E+2
7,207E+2
8,094E+2
7,097E+2
3,912E+2
3,808E+2
5,640E+2
2,198E+2
6,899E+2
7,918E+2
6,417E+2
7,428E+2
5,912E+2
7,784E+2
3,812E+2
6,794E+2
5,875E+2
6,718E+2
3,997E+2
2,417E+2
6,406E+2
7,011E+2
6,663E+2
4,689E+2
7,186E+2
7,021E+2
6,756E+2
7,190E+2
7,881E+2
7,689E+2
6,692E+2
7,094E+2
7,085E+2
7,319E+2
8,495E+2
6,565E+2
7,902E+2
6,206E+2
6,903E+2
8,100E+2
7,814E+2
7,314E+2
6,634E+2
7,083E+2
8,425E+2
4,050E+2
8,560E+2
6,910E+2
7,691E+2
8,021E+2
7,299E+2
6,216E+2
7,314E+2
8,684E+2
7,281E+2
2,247E+2
5,998E+2
6,983E+2
3,935E+2
3,632E+2
7,303E+2
8,000E+2
7,329E+2
7,835E+2
6,722E+2
7,970E+2
6,674E+2
6,859E+2
6,421E+2
4,030E+2
7,876E+2
6,367E+2
7,487E+2
7,413E+2
7,692E+2
2,784E+2
7,334E+2
8,180E+2
5,316E+2
7,370E+2
7,721E+2
7,480E+2
2,115E+2
6,894E+2
7,918E+2
8,614E+2
5,406E+2
7,817E+2
8,081E+2
3,510E+2
6,521E+2
2,425E+2
7,617E+2
6,731E+2
4,336E+2
7,813E+2
3,870E+2
5,717E+2
2,387E+2
5,828E+2
5,787E+2
7,718E+2
3,678E+2
3,745E+2
4,706E+2
2,896E+2
8,086E+2
8,463E+2
7,915E+2
8,309E+2
3,713E+2
7,852E+2
2,126E+2
7,712E+2
6,681E+2
7,204E+2
6,989E+2
7,702E+2
7,195E+2
6,490E+2
6,475E+2
7,311E+2
3,602E+2
7,140E+2
7,287E+2
7,051E+2
7,644E+2
8,013E+2
6,608E+2
3,606E+2
4,767E+2
2,424E+2
5,108E+2
4,785E+2
6,189E+2
6,784E+2
6,108E+2
7,130E+2
7,441E+2
3,620E+2
7,085E+2
3,808E+2
6,206E+2
7,406E+2
7,416E+2
8,604E+2
7,413E+2
8,488E+2
7,401E+2
9,199E+2
4,919E+2
7,809E+2
5,834E+2
2,329E+2
2,731E+2
8,031E+2
8,293E+2
7,388E+2
4,128E+2
5,910E+2
4,985E+2
9,029E+2
3,521E+2
8,664E+2
2,631E+2
5,008E+2
7,822E+2
9,205E+2
8,579E+2
7,723E+2
5,780E+2
6,419E+2
6,676E+2
7,015E+2
4,179E+2
6,288E+2
7,595E+2
3,896E+2
4,728E+2
7,441E+2
5,578E+2
7,515E+2
4,383E+2
6,626E+2
2,129E+2
7,945E+2
7,328E+2
8,673E+2
4,001E+2
6,976E+2
7,090E+2
7,851E+2
3,971E+2
8,855E+2
7,985E+2
7,744E+2
5,503E+2
5,700E+2
7,834E+2
7,509E+2
6,029E+2
3,802E+2
6,772E+2
4,997E+2
5,936E+2
4,358E+2
8,192E+2
8,446E+2
8,538E+2
3,471E+2
7,466E+2
7,659E+2
7,212E+2
6,745E+2
6,484E+2
7,130E+2
8,811E+2
4,067E+2
7,901E+2
7,435E+2
7,512E+2
7,063E+2
8,177E+2
7,313E+2
2,239E+2
8,185E+2
8,405E+2
6,638E+2
7,517E+2
6,611E+2
7,723E+2
7,737E+2
7,088E+2
7,391E+2
5,875E+2
7,309E+2
3,392E+2
7,959E+2
8,002E+2
7,706E+2
3,182E+2
7,012E+2
7,818E+2
7,585E+2
7,116E+2
8,680E+2
8,735E+2
6,917E+2
3,153E+2
9,335E+2
8,548E+2
7,893E+2
8,330E+2
4,750E+2
7,796E+2
8,122E+2
7,771E+2
6,742E+2
7,013E+2
7,639E+2
8,335E+2
7,569E+2
7,475E+2
7,094E+2
7,399E+2
7,533E+2
7,300E+2
7,734E+2
8,485E+2
8,120E+2
8,319E+2
6,801E+2
5,770E+2
7,386E+2
2,520E+2
8,410E+2
7,522E+2
7,710E+2
4,386E+2
5,512E+2
3,959E+2
8,023E+2
4,018E+2
8,095E+2
6,894E+2
6,879E+2
5,981E+2
8,012E+2
7,641E+2
7,240E+2
7,254E+2
7,781E+2
6,472E+2
7,800E+2
7,282E+2
4,865E+2
7,332E+2
6,684E+2
7,429E+2
7,294E+2
7,588E+2
7,928E+2
4,491E+2
7,676E+2
7,991E+2
7,004E+2
7,077E+2
8,194E+2
9,180E+2
3,467E+2
7,987E+2
7,710E+2
6,798E+2
4,969E+2
4,681E+2
8,785E+2
7,225E+2
6,524E+2
5,235E+2
7,420E+2
7,474E+2
7,097E+2
8,792E+2
6,709E+2
7,217E+2
4,100E+2
7,994E+2
4,193E+2
6,482E+2
2,791E+2
3,589E+2
9,706E+2
3,030E+2
4,016E+2
4,918E+2
5,792E+2
9,179E+2
8,278E+2
7,318E+2
7,669E+2
