7,794E+2
7,806E+2
4,063E+2
9,582E+2
4,713E+2
4,020E+2
9,038E+2
2,080E+2
2,194E+2
8,235E+2
7,320E+2
9,923E+2
4,310E+2
9,353E+2
1,040E+3
9,690E+2
3,223E+2
9,521E+2
9,487E+2
3,886E+2
9,074E+2
9,749E+2
3,925E+2
2,395E+2
9,689E+2
8,805E+2
8,911E+2
5,033E+2
9,062E+2
8,825E+2
2,297E+2
9,395E+2
5,121E+2
9,178E+2
5,043E+2
9,801E+2
9,707E+2
2,450E+2
9,582E+2
4,603E+2
9,520E+2
2,252E+2
9,425E+2
7,969E+2
8,906E+2
9,008E+2
8,847E+2
4,702E+2
9,091E+2
9,100E+2
9,063E+2
2,064E+2
3,713E+2
4,045E+2
1,012E+3
5,587E+2
9,426E+2
4,744E+2
8,602E+2
2,883E+2
4,590E+2
4,194E+2
3,828E+2
1,017E+3
2,063E+2
9,797E+2
9,252E+2
9,801E+2
9,837E+2
9,793E+2
4,878E+2
2,050E+2
9,711E+2
8,852E+2
1,079E+3
4,691E+2
5,223E+2
8,609E+2
9,256E+2
5,321E+2
9,839E+2
3,628E+2
9,331E+2
4,308E+2
2,208E+2
2,216E+2
9,920E+2
2,807E+2
8,904E+2
4,666E+2
6,509E+2
8,685E+2
9,307E+2
1,020E+3
4,150E+2
9,542E+2
9,457E+2
9,013E+2
3,558E+2
9,866E+2
2,214E+2
4,620E+2
2,234E+2
1,080E+3
9,805E+2
4,800E+2
9,601E+2
2,632E+2
7,513E+2
8,465E+2
4,310E+2
9,101E+2
9,522E+2
9,143E+2
9,271E+2
8,891E+2
9,288E+2
9,668E+2
8,814E+2
3,871E+2
9,989E+2
8,441E+2
9,805E+2
9,204E+2
7,847E+2
2,233E+2
2,884E+2
8,228E+2
6,553E+2
9,744E+2
4,022E+2
9,734E+2
9,597E+2
9,934E+2
4,789E+2
8,809E+2
9,621E+2
3,383E+2
4,009E+2
9,202E+2
9,437E+2
9,436E+2
1,023E+3
9,578E+2
4,685E+2
9,490E+2
7,729E+2
8,584E+2
7,884E+2
2,406E+2
4,563E+2
9,382E+2
9,389E+2
4,085E+2
3,302E+2
9,172E+2
8,221E+2
9,483E+2
2,888E+2
4,392E+2
9,905E+2
8,956E+2
8,923E+2
9,302E+2
1,000E+3
8,720E+2
8,983E+2
9,884E+2
2,118E+2
9,507E+2
2,112E+2
2,911E+2
3,499E+2
2,205E+2
8,736E+2
8,855E+2
5,976E+2
9,562E+2
1,118E+3
9,991E+2
8,115E+2
2,877E+2
9,205E+2
1,041E+3
9,018E+2
9,493E+2
9,796E+2
4,738E+2
8,917E+2
2,492E+2
2,073E+2
9,054E+2
8,318E+2
9,577E+2
9,709E+2
1,019E+3
4,875E+2
5,017E+2
8,195E+2
1,010E+3
1,062E+3
3,820E+2
7,841E+2
7,499E+2
4,201E+2
5,700E+2
8,703E+2
8,692E+2
2,408E+2
2,373E+2
4,081E+2
9,526E+2
9,455E+2
5,504E+2
2,192E+2
9,595E+2
2,126E+2
7,575E+2
9,444E+2
7,862E+2
1,030E+3
9,213E+2
3,645E+2
9,810E+2
9,404E+2
9,225E+2
8,794E+2
9,833E+2
9,983E+2
7,918E+2
4,413E+2
9,036E+2
8,189E+2
5,327E+2
5,205E+2
9,130E+2
7,236E+2
9,438E+2
8,170E+2
8,324E+2
2,274E+2
5,031E+2
9,278E+2
8,244E+2
8,585E+2
8,611E+2
5,220E+2
6,619E+2
1,058E+3
9,100E+2
2,302E+2
2,496E+2
4,182E+2
9,369E+2
9,331E+2
3,063E+2
4,212E+2
9,120E+2
9,708E+2
8,838E+2
9,288E+2
2,523E+2
3,488E+2
9,113E+2
9,466E+2
5,090E+2
2,181E+2
7,642E+2
9,570E+2
9,501E+2
8,308E+2
8,667E+2
5,538E+2
8,154E+2
8,995E+2
8,606E+2
8,984E+2
3,674E+2
8,410E+2
9,427E+2
8,277E+2
9,498E+2
9,303E+2
9,632E+2
8,576E+2
1,127E+3
9,678E+2
3,884E+2
1,003E+3
9,377E+2
9,033E+2
1,027E+3
8,297E+2
4,188E+2
2,186E+2
2,305E+2
9,175E+2
2,290E+2
9,130E+2
9,620E+2
8,504E+2
9,701E+2
1,040E+3
8,173E+2
9,212E+2
3,601E+2
4,072E+2
4,709E+2
1,028E+3
3,227E+2
9,533E+2
9,722E+2
9,715E+2
2,476E+2
9,186E+2
2,825E+2
7,547E+2
9,999E+2
8,690E+2
7,344E+2
9,747E+2
7,170E+2
1,021E+3
9,102E+2
9,156E+2
1,001E+3
2,195E+2
9,301E+2
7,821E+2
4,130E+2
9,878E+2
8,965E+2
9,592E+2
8,491E+2
3,889E+2
2,964E+2
4,302E+2
9,337E+2
9,916E+2
3,314E+2
8,841E+2
4,730E+2
1,003E+3
4,627E+2
1,016E+3
3,627E+2
8,394E+2
5,167E+2
5,500E+2
2,319E+2
3,166E+2
7,688E+2
6,292E+2
8,999E+2
2,794E+2
1,047E+3
2,502E+2
8,844E+2
8,509E+2
9,006E+2
9,822E+2
9,474E+2
1,000E+3
2,397E+2
5,402E+2
4,869E+2
9,804E+2
7,818E+2
3,659E+2
9,024E+2
3,075E+2
9,622E+2
2,375E+2
8,315E+2
8,596E+2
5,056E+2
9,497E+2
7,114E+2
5,108E+2
8,472E+2
2,516E+2
5,517E+2
7,981E+2
1,029E+3
1,008E+3
2,214E+2
6,602E+2
8,616E+2
4,603E+2
3,834E+2
3,931E+2
9,416E+2
9,564E+2
9,201E+2
8,183E+2
2,488E+2
9,163E+2
9,799E+2
4,062E+2
8,401E+2
8,675E+2
1,015E+3
9,191E+2
9,245E+2
8,709E+2
9,047E+2
9,303E+2
9,297E+2
8,595E+2
1,046E+3
1,014E+3
5,498E+2
3,098E+2
2,521E+2
2,092E+2
2,596E+2
2,335E+2
1,016E+3
6,095E+2
9,817E+2
9,846E+2
9,223E+2
9,682E+2
9,641E+2
9,996E+2
1,034E+3
5,413E+2
4,879E+2
1,078E+3
8,558E+2
2,299E+2
2,283E+2
3,169E+2
8,922E+2
1,051E+3
8,898E+2
2,486E+2
9,602E+2
5,000E+2
9,307E+2
9,294E+2
5,914E+2
2,319E+2
8,418E+2
4,324E+2
5,090E+2
3,502E+2
9,393E+2
6,429E+2
9,681E+2
2,480E+2
2,094E+2
7,519E+2
9,244E+2
2,217E+2
9,818E+2
3,715E+2
3,960E+2
9,848E+2
9,108E+2
1,024E+3
9,476E+2
6,586E+2
3,827E+2
9,724E+2
2,858E+2
9,000E+2
1,033E+3
9,301E+2
8,621E+2
9,354E+2
2,088E+2
2,627E+2
8,836E+2
2,403E+2
9,476E+2
9,601E+2
8,808E+2
8,248E+2
9,601E+2
8,884E+2
9,278E+2
2,209E+2
4,810E+2
9,981E+2
4,573E+2
7,775E+2
3,003E+2
8,694E+2
9,172E+2
8,516E+2
9,422E+2
3,567E+2
9,678E+2
2,427E+2
4,820E+2
3,278E+2
8,808E+2
5,368E+2
2,087E+2
