2,099E+2
2,513E+2
2,096E+2
2,089E+2
2,304E+2
2,563E+2
2,077E+2
2,455E+2
3,044E+2
2,893E+2
2,341E+2
2,084E+2
2,302E+2
2,203E+2
2,216E+2
2,156E+2
2,293E+2
2,952E+2
2,170E+2
2,699E+2
2,409E+2
2,521E+2
2,579E+2
3,422E+2
2,194E+2
2,600E+2
2,200E+2
2,806E+2
2,097E+2
3,075E+2
3,802E+2
2,428E+2
2,705E+2
2,513E+2
2,084E+2
3,452E+2
2,093E+2
2,266E+2
2,081E+2
3,187E+2
2,594E+2
2,634E+2
2,859E+2
5,392E+2
2,215E+2
3,780E+2
3,184E+2
2,070E+2
2,193E+2
2,935E+2
2,380E+2
2,773E+2
2,766E+2
2,174E+2
2,402E+2
3,121E+2
3,898E+2
2,221E+2
2,154E+2
2,206E+2
2,158E+2
2,359E+2
2,132E+2
2,716E+2
2,285E+2
2,100E+2
2,722E+2
2,149E+2
2,910E+2
2,813E+2
2,489E+2
2,696E+2
3,151E+2
3,488E+2
2,103E+2
3,021E+2
2,788E+2
2,927E+2
2,504E+2
4,380E+2
2,078E+2
3,020E+2
2,694E+2
2,476E+2
2,293E+2
2,087E+2
2,208E+2
2,521E+2
2,284E+2
2,178E+2
2,396E+2
2,620E+2
2,654E+2
2,302E+2
2,918E+2
2,695E+2
3,041E+2
2,465E+2
2,056E+2
3,423E+2
2,124E+2
2,135E+2
2,714E+2
3,891E+2
2,077E+2
2,406E+2
3,319E+2
3,080E+2
3,316E+2
3,102E+2
2,196E+2
2,122E+2
2,090E+2
2,686E+2
2,501E+2
2,094E+2
2,503E+2
2,687E+2
2,089E+2
2,751E+2
2,067E+2
2,212E+2
2,498E+2
2,912E+2
3,307E+2
3,292E+2
2,136E+2
3,061E+2
2,426E+2
2,111E+2
2,165E+2
3,104E+2
2,073E+2
2,186E+2
2,125E+2
2,284E+2
2,086E+2
2,091E+2
2,143E+2
2,077E+2
2,080E+2
2,090E+2
2,406E+2
2,917E+2
2,500E+2
2,660E+2
2,291E+2
2,174E+2
2,382E+2
2,395E+2
2,812E+2
2,456E+2
2,113E+2
2,825E+2
2,483E+2
2,171E+2
5,220E+2
2,499E+2
2,267E+2
2,841E+2
2,108E+2
2,204E+2
2,253E+2
2,228E+2
2,094E+2
2,994E+2
2,275E+2
2,146E+2
2,903E+2
2,122E+2
2,233E+2
2,061E+2
3,024E+2
2,065E+2
2,170E+2
2,096E+2
2,618E+2
2,580E+2
2,524E+2
2,391E+2
2,624E+2
2,282E+2
2,700E+2
3,594E+2
2,120E+2
2,169E+2
2,305E+2
2,122E+2
2,811E+2
2,283E+2
2,095E+2
2,990E+2
2,527E+2
2,112E+2
2,611E+2
3,432E+2
2,460E+2
3,431E+2
2,260E+2
3,614E+2
2,493E+2
3,136E+2
2,238E+2
2,402E+2
2,297E+2
2,508E+2
2,371E+2
2,528E+2
2,300E+2
3,369E+2
2,332E+2
2,613E+2
2,309E+2
2,719E+2
2,546E+2
2,135E+2
2,571E+2
3,527E+2
2,270E+2
2,077E+2
2,745E+2
2,292E+2
2,892E+2
2,306E+2
2,291E+2
2,608E+2
2,610E+2
2,529E+2
2,391E+2
2,541E+2
3,215E+2
2,142E+2
5,355E+2
3,595E+2
2,660E+2
2,321E+2
2,692E+2
2,805E+2
2,598E+2
2,584E+2
3,482E+2
2,068E+2
3,303E+2
2,407E+2
2,214E+2
4,822E+2
2,290E+2
2,270E+2
2,199E+2
2,693E+2
2,489E+2
2,903E+2
2,590E+2
2,080E+2
3,402E+2
2,802E+2
2,800E+2
2,957E+2
2,186E+2
2,077E+2
2,458E+2
2,102E+2
2,697E+2
2,468E+2
2,178E+2
2,407E+2
3,700E+2
2,163E+2
2,724E+2
2,627E+2
2,447E+2
2,835E+2
3,390E+2
4,062E+2
3,304E+2
3,587E+2
2,567E+2
2,594E+2
3,154E+2
3,110E+2
2,268E+2
2,193E+2
2,527E+2
2,269E+2
2,582E+2
2,859E+2
2,608E+2
2,183E+2
2,371E+2
2,641E+2
2,201E+2
3,956E+2
3,300E+2
3,473E+2
2,415E+2
2,188E+2
2,351E+2
2,083E+2
2,178E+2
2,306E+2
2,058E+2
2,091E+2
3,489E+2
3,447E+2
2,502E+2
3,391E+2
2,112E+2
2,387E+2
2,278E+2
4,514E+2
2,778E+2
2,511E+2
2,693E+2
2,704E+2
2,164E+2
2,708E+2
2,315E+2
2,731E+2
2,114E+2
2,056E+2
2,801E+2
2,687E+2
2,188E+2
2,608E+2
2,327E+2
2,052E+2
3,634E+2
2,422E+2
2,274E+2
2,300E+2
2,251E+2
2,847E+2
2,196E+2
2,438E+2
2,668E+2
4,986E+2
2,670E+2
2,107E+2
2,778E+2
3,199E+2
2,097E+2
2,709E+2
3,099E+2
2,894E+2
2,188E+2
2,185E+2
2,959E+2
2,117E+2
2,398E+2
2,098E+2
2,775E+2
2,474E+2
3,014E+2
2,062E+2
2,844E+2
2,565E+2
2,303E+2
2,199E+2
2,103E+2
3,005E+2
2,776E+2
2,212E+2
3,344E+2
3,498E+2
2,707E+2
2,286E+2
2,477E+2
2,401E+2
2,519E+2
2,206E+2
2,190E+2
3,497E+2
2,829E+2
3,911E+2
2,886E+2
2,388E+2
3,574E+2
3,419E+2
2,080E+2
2,476E+2
2,605E+2
2,371E+2
2,219E+2
2,162E+2
2,094E+2
3,125E+2
3,393E+2
2,742E+2
2,110E+2
2,856E+2
2,701E+2
2,512E+2
3,382E+2
2,214E+2
2,487E+2
2,392E+2
3,061E+2
2,092E+2
2,208E+2
2,711E+2
3,177E+2
2,066E+2
2,780E+2
2,308E+2
2,172E+2
2,298E+2
2,516E+2
2,398E+2
3,898E+2
4,039E+2
2,586E+2
2,101E+2
3,026E+2
3,201E+2
2,351E+2
2,140E+2
7,390E+2
2,820E+2
6,491E+2
3,212E+2
2,294E+2
2,301E+2
2,229E+2
2,603E+2
2,086E+2
2,147E+2
3,204E+2
2,143E+2
2,996E+2
2,582E+2
2,416E+2
2,895E+2
2,515E+2
2,685E+2
2,330E+2
2,846E+2
2,293E+2
2,130E+2
2,463E+2
2,736E+2
2,087E+2
2,588E+2
2,532E+2
2,105E+2
2,079E+2
2,183E+2
3,156E+2
2,279E+2
2,120E+2
2,788E+2
3,301E+2
2,100E+2
2,599E+2
2,087E+2
7,387E+2
2,303E+2
7,291E+2
2,164E+2
2,414E+2
2,175E+2
2,870E+2
2,804E+2
3,463E+2
2,073E+2
2,299E+2
3,609E+2
2,109E+2
2,062E+2
3,205E+2
2,083E+2
2,575E+2
2,419E+2
2,129E+2
2,703E+2
2,911E+2
2,321E+2
2,213E+2
3,329E+2
2,102E+2
3,411E+2
2,602E+2
2,894E+2
3,221E+2
2,476E+2
3,591E+2
2,333E+2
2,491E+2
2,264E+2
2,904E+2
2,347E+2
2,222E+2
2,193E+2
2,186E+2
2,175E+2
3,407E+2
2,395E+2
3,152E+2
2,846E+2
2,373E+2
2,282E+2
