2,157E+2
2,490E+2
2,547E+2
2,169E+2
2,186E+2
2,516E+2
3,365E+2
2,373E+2
2,114E+2
2,209E+2
2,495E+2
2,374E+2
2,204E+2
2,234E+2
2,099E+2
2,177E+2
2,088E+2
2,143E+2
2,196E+2
2,100E+2
2,080E+2
2,270E+2
2,151E+2
2,264E+2
2,189E+2
2,516E+2
2,331E+2
2,286E+2
2,093E+2
2,395E+2
2,369E+2
2,633E+2
2,247E+2
2,275E+2
2,508E+2
2,644E+2
2,906E+2
2,225E+2
2,066E+2
2,637E+2
2,805E+2
2,678E+2
2,122E+2
2,489E+2
2,501E+2
2,093E+2
2,305E+2
2,054E+2
2,086E+2
4,012E+2
2,291E+2
2,230E+2
2,127E+2
2,288E+2
3,014E+2
2,271E+2
3,193E+2
2,511E+2
3,372E+2
2,535E+2
2,301E+2
2,696E+2
2,381E+2
2,669E+2
3,407E+2
2,398E+2
2,406E+2
2,307E+2
2,411E+2
2,066E+2
2,390E+2
2,436E+2
3,575E+2
2,331E+2
2,218E+2
2,144E+2
2,145E+2
2,378E+2
2,771E+2
2,100E+2
2,270E+2
2,270E+2
2,108E+2
2,206E+2
3,604E+2
3,791E+2
2,599E+2
2,184E+2
2,089E+2
2,416E+2
2,306E+2
2,549E+2
2,510E+2
2,252E+2
2,216E+2
2,525E+2
2,216E+2
2,094E+2
2,282E+2
2,204E+2
2,122E+2
2,348E+2
2,157E+2
2,337E+2
2,295E+2
2,129E+2
2,406E+2
2,946E+2
2,183E+2
2,360E+2
2,333E+2
2,428E+2
2,305E+2
2,610E+2
2,340E+2
2,499E+2
2,100E+2
2,290E+2
3,108E+2
2,491E+2
2,300E+2
2,359E+2
2,075E+2
2,302E+2
3,468E+2
2,287E+2
2,325E+2
2,121E+2
2,275E+2
2,090E+2
2,418E+2
2,289E+2
2,492E+2
2,064E+2
2,141E+2
2,426E+2
2,424E+2
2,320E+2
2,216E+2
2,374E+2
2,294E+2
2,283E+2
2,052E+2
2,215E+2
3,394E+2
2,371E+2
2,115E+2
3,406E+2
2,109E+2
2,203E+2
2,514E+2
2,197E+2
2,401E+2
2,191E+2
2,478E+2
2,356E+2
2,211E+2
2,087E+2
2,519E+2
2,293E+2
2,101E+2
2,426E+2
2,118E+2
2,530E+2
3,397E+2
2,317E+2
3,485E+2
2,117E+2
2,097E+2
2,387E+2
2,275E+2
2,090E+2
2,214E+2
2,679E+2
2,430E+2
2,175E+2
2,585E+2
2,090E+2
2,107E+2
2,672E+2
2,216E+2
2,587E+2
2,239E+2
2,568E+2
3,443E+2
3,124E+2
2,087E+2
2,249E+2
2,256E+2
2,607E+2
2,291E+2
2,125E+2
2,390E+2
2,315E+2
3,431E+2
2,218E+2
2,387E+2
2,112E+2
2,240E+2
2,162E+2
2,382E+2
2,178E+2
2,504E+2
2,526E+2
2,416E+2
2,900E+2
2,202E+2
2,899E+2
2,081E+2
2,561E+2
2,491E+2
2,185E+2
2,110E+2
2,208E+2
2,394E+2
2,406E+2
2,420E+2
2,498E+2
2,093E+2
2,209E+2
2,086E+2
2,252E+2
2,108E+2
2,294E+2
2,569E+2
2,595E+2
2,431E+2
3,277E+2
2,179E+2
2,398E+2
2,368E+2
2,313E+2
2,895E+2
2,284E+2
2,179E+2
2,122E+2
2,276E+2
2,126E+2
2,194E+2
2,594E+2
2,204E+2
2,106E+2
2,089E+2
2,127E+2
2,593E+2
2,292E+2
2,103E+2
2,204E+2
2,409E+2
2,144E+2
2,775E+2
3,539E+2
2,482E+2
2,451E+2
2,088E+2
2,203E+2
2,176E+2
2,152E+2
2,153E+2
2,300E+2
2,229E+2
2,130E+2
2,238E+2
2,268E+2
2,424E+2
2,193E+2
2,185E+2
2,209E+2
2,116E+2
2,081E+2
2,727E+2
2,118E+2
2,205E+2
2,198E+2
2,107E+2
2,126E+2
2,178E+2
2,223E+2
2,501E+2
2,317E+2
2,094E+2
2,221E+2
2,359E+2
2,514E+2
2,443E+2
2,408E+2
2,087E+2
2,204E+2
2,231E+2
2,190E+2
2,417E+2
2,120E+2
2,365E+2
2,103E+2
2,162E+2
2,886E+2
2,156E+2
2,309E+2
2,101E+2
2,181E+2
2,443E+2
2,207E+2
2,402E+2
2,106E+2
2,311E+2
2,173E+2
2,103E+2
2,750E+2
2,269E+2
2,479E+2
2,186E+2
2,313E+2
2,436E+2
2,211E+2
2,437E+2
2,109E+2
2,217E+2
2,351E+2
2,420E+2
2,113E+2
2,201E+2
2,306E+2
3,479E+2
2,290E+2
2,313E+2
2,222E+2
2,053E+2
2,512E+2
5,800E+2
2,165E+2
2,186E+2
2,488E+2
2,084E+2
2,321E+2
2,227E+2
2,086E+2
2,327E+2
2,495E+2
2,311E+2
2,727E+2
2,058E+2
3,539E+2
2,223E+2
2,423E+2
2,220E+2
2,409E+2
2,530E+2
2,076E+2
2,379E+2
2,093E+2
3,007E+2
2,091E+2
2,406E+2
2,519E+2
2,228E+2
2,407E+2
3,315E+2
2,666E+2
2,163E+2
2,390E+2
2,325E+2
2,470E+2
2,159E+2
2,252E+2
2,634E+2
2,306E+2
3,600E+2
2,398E+2
2,377E+2
2,403E+2
2,283E+2
2,198E+2
2,198E+2
2,593E+2
3,528E+2
2,697E+2
2,209E+2
2,108E+2
2,263E+2
2,688E+2
2,487E+2
2,409E+2
2,194E+2
2,200E+2
2,121E+2
2,425E+2
2,312E+2
2,191E+2
2,493E+2
2,201E+2
2,330E+2
2,381E+2
2,357E+2
2,088E+2
2,084E+2
3,140E+2
2,300E+2
2,394E+2
2,179E+2
2,395E+2
2,056E+2
2,085E+2
2,073E+2
2,311E+2
2,474E+2
2,331E+2
2,274E+2
2,495E+2
2,175E+2
2,206E+2
2,116E+2
2,372E+2
2,500E+2
2,298E+2
2,585E+2
2,352E+2
2,296E+2
2,300E+2
2,605E+2
3,574E+2
2,101E+2
2,231E+2
2,322E+2
2,740E+2
2,708E+2
2,073E+2
2,340E+2
2,474E+2
2,391E+2
2,315E+2
2,076E+2
2,263E+2
2,296E+2
2,225E+2
2,518E+2
2,193E+2
2,581E+2
2,092E+2
2,426E+2
2,195E+2
2,404E+2
2,305E+2
2,233E+2
2,109E+2
2,614E+2
2,191E+2
2,197E+2
2,463E+2
2,399E+2
2,228E+2
2,260E+2
2,352E+2
4,551E+2
2,163E+2
2,108E+2
2,407E+2
2,362E+2
3,073E+2
2,207E+2
2,291E+2
2,408E+2
2,427E+2
2,315E+2
2,139E+2
2,339E+2
2,182E+2
2,289E+2
2,319E+2
2,240E+2
2,200E+2
2,567E+2
2,639E+2
2,168E+2
2,311E+2
2,623E+2
2,305E+2
2,083E+2
2,221E+2
2,067E+2
2,725E+2
2,483E+2
2,498E+2
2,458E+2
2,199E+2
2,877E+2
2,291E+2
2,276E+2
2,293E+2
2,296E+2
2,421E+2
2,387E+2
3,468E+2
2,441E+2
2,367E+2
2,290E+2
2,290E+2
2,631E+2
2,505E+2
2,294E+2
2,199E+2
