4,273E+2
4,442E+2
4,358E+2
5,012E+2
4,628E+2
3,036E+2
3,440E+2
4,939E+2
4,697E+2
3,594E+2
4,640E+2
2,543E+2
5,111E+2
2,984E+2
5,745E+2
5,504E+2
3,269E+2
4,951E+2
4,202E+2
4,753E+2
3,165E+2
5,099E+2
3,426E+2
4,238E+2
4,986E+2
2,778E+2
5,317E+2
4,467E+2
4,705E+2
4,926E+2
5,012E+2
2,753E+2
3,230E+2
4,825E+2
3,256E+2
4,805E+2
4,710E+2
4,847E+2
4,381E+2
2,512E+2
4,427E+2
3,958E+2
4,830E+2
3,490E+2
2,713E+2
3,477E+2
4,600E+2
5,218E+2
3,192E+2
5,191E+2
4,357E+2
4,000E+2
4,416E+2
4,997E+2
4,680E+2
4,113E+2
2,668E+2
2,997E+2
4,324E+2
3,755E+2
4,893E+2
2,991E+2
5,087E+2
3,813E+2
3,554E+2
4,395E+2
3,621E+2
2,194E+2
2,051E+2
5,304E+2
2,297E+2
3,435E+2
2,959E+2
3,470E+2
3,921E+2
4,573E+2
4,197E+2
3,567E+2
3,410E+2
5,434E+2
4,220E+2
4,511E+2
4,132E+2
4,214E+2
4,945E+2
3,582E+2
3,371E+2
2,414E+2
4,268E+2
4,013E+2
5,181E+2
5,326E+2
4,908E+2
3,128E+2
3,453E+2
3,410E+2
5,218E+2
5,095E+2
3,004E+2
3,187E+2
4,916E+2
4,822E+2
4,830E+2
4,409E+2
4,660E+2
4,036E+2
2,945E+2
4,737E+2
3,218E+2
5,268E+2
3,304E+2
4,892E+2
4,089E+2
5,094E+2
3,329E+2
2,848E+2
5,022E+2
4,371E+2
4,128E+2
2,238E+2
5,694E+2
4,618E+2
2,310E+2
5,712E+2
4,467E+2
4,985E+2
2,981E+2
3,593E+2
3,520E+2
3,255E+2
4,608E+2
4,886E+2
4,903E+2
4,743E+2
4,088E+2
3,662E+2
4,763E+2
4,639E+2
4,687E+2
3,722E+2
4,686E+2
4,814E+2
3,266E+2
4,799E+2
2,114E+2
3,704E+2
3,944E+2
4,757E+2
2,907E+2
5,011E+2
3,282E+2
5,231E+2
4,226E+2
5,620E+2
3,824E+2
4,128E+2
3,324E+2
3,420E+2
4,020E+2
4,683E+2
4,131E+2
5,074E+2
4,276E+2
4,115E+2
4,671E+2
4,562E+2
4,000E+2
3,939E+2
3,639E+2
2,880E+2
3,108E+2
5,101E+2
5,411E+2
3,701E+2
4,938E+2
3,851E+2
2,678E+2
4,996E+2
4,497E+2
4,998E+2
3,152E+2
5,041E+2
4,632E+2
4,320E+2
4,675E+2
4,783E+2
4,313E+2
3,338E+2
5,429E+2
2,950E+2
3,660E+2
3,711E+2
4,411E+2
4,452E+2
4,306E+2
5,666E+2
4,619E+2
4,677E+2
3,790E+2
5,235E+2
4,112E+2
4,334E+2
4,588E+2
5,018E+2
3,472E+2
5,406E+2
3,889E+2
5,419E+2
4,644E+2
4,884E+2
3,307E+2
4,866E+2
5,242E+2
3,792E+2
4,899E+2
3,541E+2
4,776E+2
3,593E+2
3,523E+2
5,229E+2
3,303E+2
4,209E+2
4,997E+2
3,292E+2
2,978E+2
5,007E+2
4,595E+2
3,980E+2
4,900E+2
5,409E+2
3,974E+2
4,779E+2
5,301E+2
4,043E+2
5,147E+2
4,931E+2
3,649E+2
5,173E+2
4,228E+2
4,010E+2
3,615E+2
3,708E+2
4,593E+2
3,268E+2
4,330E+2
3,789E+2
5,068E+2
3,594E+2
3,729E+2
3,820E+2
4,683E+2
4,455E+2
3,984E+2
4,035E+2
4,491E+2
4,197E+2
4,081E+2
4,298E+2
3,713E+2
3,819E+2
2,968E+2
3,803E+2
4,005E+2
2,690E+2
2,303E+2
2,708E+2
2,779E+2
2,598E+2
2,526E+2
2,216E+2
2,824E+2
2,371E+2
2,306E+2
3,730E+2
2,369E+2
2,899E+2
2,255E+2
3,015E+2
2,384E+2
4,767E+2
2,798E+2
2,473E+2
3,083E+2
2,618E+2
3,103E+2
2,524E+2
2,804E+2
2,502E+2
2,519E+2
3,208E+2
3,203E+2
2,681E+2
2,268E+2
3,368E+2
2,638E+2
2,701E+2
3,027E+2
3,116E+2
2,458E+2
3,006E+2
2,548E+2
2,727E+2
3,684E+2
2,141E+2
2,721E+2
2,214E+2
3,428E+2
2,708E+2
2,242E+2
2,112E+2
2,407E+2
2,214E+2
2,574E+2
2,785E+2
2,204E+2
2,595E+2
3,480E+2
2,425E+2
2,277E+2
2,490E+2
2,780E+2
2,461E+2
2,405E+2
3,062E+2
2,525E+2
2,913E+2
2,492E+2
2,880E+2
2,116E+2
2,243E+2
2,310E+2
2,345E+2
2,443E+2
2,351E+2
2,088E+2
2,292E+2
2,210E+2
2,121E+2
2,160E+2
2,295E+2
2,320E+2
2,654E+2
2,115E+2
2,098E+2
2,259E+2
2,503E+2
2,201E+2
2,263E+2
3,391E+2
2,052E+2
2,371E+2
2,191E+2
2,166E+2
2,092E+2
3,010E+2
2,189E+2
2,297E+2
2,174E+2
2,585E+2
2,317E+2
2,185E+2
2,118E+2
2,202E+2
2,054E+2
2,189E+2
3,380E+2
3,222E+2
2,318E+2
2,346E+2
2,202E+2
2,103E+2
2,395E+2
2,383E+2
2,446E+2
2,127E+2
2,112E+2
2,125E+2
2,395E+2
2,350E+2
2,202E+2
2,572E+2
2,296E+2
2,269E+2
2,465E+2
2,124E+2
2,065E+2
2,167E+2
2,378E+2
3,280E+2
3,310E+2
2,190E+2
2,103E+2
2,277E+2
2,235E+2
2,086E+2
2,147E+2
2,121E+2
2,184E+2
2,278E+2
2,221E+2
2,325E+2
2,390E+2
2,121E+2
2,880E+2
2,991E+2
2,103E+2
2,213E+2
2,215E+2
2,074E+2
2,204E+2
2,074E+2
2,200E+2
2,095E+2
2,070E+2
2,420E+2
2,405E+2
2,098E+2
2,072E+2
2,363E+2
2,221E+2
2,216E+2
2,104E+2
2,387E+2
2,279E+2
2,600E+2
2,062E+2
2,177E+2
2,102E+2
2,075E+2
2,224E+2
2,223E+2
2,495E+2
2,236E+2
2,315E+2
2,163E+2
2,339E+2
2,212E+2
2,091E+2
2,081E+2
2,160E+2
2,103E+2
2,569E+2
2,110E+2
2,417E+2
2,085E+2
2,083E+2
2,126E+2
2,290E+2
2,222E+2
2,191E+2
2,295E+2
2,517E+2
2,253E+2
2,268E+2
2,505E+2
2,248E+2
2,221E+2
2,982E+2
2,822E+2
3,192E+2
2,818E+2
3,515E+2
2,368E+2
2,078E+2
2,058E+2
2,476E+2
2,155E+2
3,985E+2
2,198E+2
2,125E+2
2,111E+2
2,408E+2
3,156E+2
2,665E+2
2,200E+2
2,184E+2
2,137E+2
2,184E+2
2,244E+2
2,525E+2
2,159E+2
2,199E+2
2,108E+2
2,287E+2
2,087E+2
2,493E+2
2,186E+2
2,417E+2
2,194E+2
2,251E+2
2,171E+2
2,154E+2
2,476E+2
2,197E+2
2,401E+2
2,063E+2
2,209E+2
2,130E+2
2,165E+2
2,222E+2
