3,980E+2
3,326E+2
3,829E+2
3,504E+2
4,241E+2
3,740E+2
4,590E+2
4,029E+2
3,645E+2
4,414E+2
4,731E+2
3,389E+2
3,799E+2
3,102E+2
3,916E+2
3,946E+2
3,446E+2
3,481E+2
3,492E+2
4,100E+2
4,393E+2
3,807E+2
2,506E+2
4,387E+2
3,711E+2
4,655E+2
3,380E+2
3,602E+2
3,860E+2
3,865E+2
4,742E+2
4,034E+2
3,390E+2
3,711E+2
5,119E+2
4,693E+2
4,423E+2
3,550E+2
4,239E+2
3,587E+2
3,996E+2
4,289E+2
3,712E+2
3,436E+2
4,386E+2
3,588E+2
3,719E+2
4,199E+2
3,471E+2
2,948E+2
3,980E+2
3,600E+2
3,841E+2
3,192E+2
4,563E+2
3,493E+2
3,132E+2
4,381E+2
4,621E+2
3,587E+2
4,119E+2
3,608E+2
3,604E+2
3,506E+2
3,927E+2
4,007E+2
3,670E+2
3,474E+2
3,410E+2
3,924E+2
3,633E+2
4,505E+2
3,754E+2
3,391E+2
4,221E+2
3,864E+2
4,370E+2
3,371E+2
4,494E+2
3,466E+2
3,878E+2
3,785E+2
3,902E+2
2,980E+2
3,813E+2
3,882E+2
2,877E+2
3,618E+2
4,400E+2
3,361E+2
4,353E+2
4,095E+2
4,928E+2
2,890E+2
3,632E+2
3,120E+2
3,903E+2
3,918E+2
2,542E+2
3,310E+2
3,046E+2
6,210E+2
2,527E+2
4,818E+2
3,393E+2
3,908E+2
5,125E+2
3,495E+2
3,695E+2
3,071E+2
4,029E+2
3,565E+2
3,325E+2
4,304E+2
2,778E+2
4,802E+2
3,499E+2
4,713E+2
4,764E+2
3,829E+2
3,002E+2
4,284E+2
3,715E+2
4,101E+2
2,838E+2
3,474E+2
3,200E+2
3,475E+2
3,295E+2
3,518E+2
4,456E+2
3,886E+2
3,400E+2
3,799E+2
4,569E+2
3,918E+2
4,005E+2
3,567E+2
4,713E+2
4,083E+2
3,833E+2
4,254E+2
4,209E+2
4,220E+2
3,577E+2
4,501E+2
5,299E+2
3,750E+2
3,216E+2
3,122E+2
4,105E+2
2,890E+2
5,891E+2
3,093E+2
4,095E+2
2,975E+2
3,501E+2
3,803E+2
3,520E+2
4,521E+2
3,080E+2
3,600E+2
3,490E+2
3,978E+2
3,719E+2
3,061E+2
3,891E+2
3,914E+2
4,902E+2
4,207E+2
4,703E+2
3,542E+2
4,373E+2
3,721E+2
3,327E+2
4,276E+2
3,819E+2
3,284E+2
3,625E+2
3,786E+2
4,270E+2
3,051E+2
4,487E+2
3,930E+2
4,780E+2
4,816E+2
3,996E+2
2,925E+2
4,356E+2
3,718E+2
4,268E+2
4,172E+2
3,801E+2
3,766E+2
4,098E+2
3,664E+2
4,673E+2
3,503E+2
3,181E+2
3,971E+2
4,141E+2
3,883E+2
3,425E+2
3,716E+2
3,410E+2
4,541E+2
4,229E+2
3,704E+2
4,674E+2
4,050E+2
3,588E+2
3,492E+2
4,184E+2
3,707E+2
3,633E+2
3,598E+2
3,907E+2
4,414E+2
3,261E+2
4,073E+2
4,126E+2
4,573E+2
3,553E+2
3,800E+2
3,528E+2
4,228E+2
3,699E+2
2,825E+2
3,304E+2
3,240E+2
3,637E+2
4,871E+2
3,602E+2
3,723E+2
4,501E+2
3,626E+2
3,192E+2
4,437E+2
3,409E+2
4,093E+2
3,590E+2
3,799E+2
4,772E+2
3,905E+2
3,894E+2
4,132E+2
4,228E+2
3,278E+2
3,413E+2
3,124E+2
3,676E+2
4,898E+2
3,061E+2
3,507E+2
3,539E+2
4,405E+2
3,315E+2
4,483E+2
3,784E+2
3,993E+2
4,619E+2
3,732E+2
4,318E+2
3,624E+2
3,706E+2
4,245E+2
3,488E+2
3,691E+2
4,542E+2
3,260E+2
3,877E+2
4,192E+2
3,580E+2
3,275E+2
3,768E+2
3,968E+2
4,410E+2
2,997E+2
4,410E+2
3,701E+2
4,685E+2
3,890E+2
4,392E+2
3,999E+2
4,813E+2
3,830E+2
3,914E+2
3,437E+2
4,417E+2
4,329E+2
4,308E+2
4,016E+2
3,304E+2
4,516E+2
3,596E+2
4,768E+2
3,217E+2
3,485E+2
3,421E+2
4,525E+2
3,925E+2
3,908E+2
3,193E+2
4,574E+2
3,295E+2
3,905E+2
3,597E+2
3,069E+2
3,989E+2
4,089E+2
3,513E+2
3,877E+2
3,470E+2
3,491E+2
3,994E+2
3,910E+2
4,191E+2
3,732E+2
4,157E+2
3,460E+2
4,096E+2
4,708E+2
4,159E+2
3,895E+2
3,907E+2
3,688E+2
3,521E+2
3,931E+2
4,402E+2
3,953E+2
3,620E+2
3,454E+2
3,600E+2
3,722E+2
4,928E+2
3,396E+2
4,702E+2
3,639E+2
3,896E+2
2,346E+2
4,004E+2
4,296E+2
2,495E+2
4,188E+2
3,767E+2
3,910E+2
4,178E+2
3,708E+2
3,983E+2
4,161E+2
4,264E+2
3,806E+2
4,694E+2
3,534E+2
2,724E+2
3,798E+2
3,895E+2
3,295E+2
4,395E+2
4,069E+2
3,157E+2
4,003E+2
3,780E+2
4,786E+2
4,025E+2
3,838E+2
4,285E+2
3,372E+2
4,016E+2
4,347E+2
4,774E+2
3,973E+2
3,335E+2
3,704E+2
4,026E+2
3,423E+2
4,786E+2
3,296E+2
3,526E+2
4,349E+2
4,087E+2
5,168E+2
3,114E+2
3,319E+2
3,783E+2
4,021E+2
3,425E+2
3,513E+2
4,226E+2
3,502E+2
4,775E+2
3,717E+2
4,164E+2
3,967E+2
4,278E+2
3,720E+2
4,259E+2
3,713E+2
4,299E+2
3,187E+2
4,316E+2
4,494E+2
4,883E+2
3,743E+2
4,081E+2
4,636E+2
4,274E+2
3,593E+2
3,209E+2
3,402E+2
4,085E+2
4,797E+2
4,049E+2
3,713E+2
4,800E+2
4,203E+2
3,968E+2
4,286E+2
3,645E+2
3,570E+2
3,398E+2
3,972E+2
3,833E+2
4,152E+2
3,689E+2
3,828E+2
3,907E+2
3,726E+2
4,133E+2
4,507E+2
4,711E+2
3,809E+2
4,551E+2
4,060E+2
4,208E+2
4,382E+2
3,896E+2
4,331E+2
3,507E+2
3,654E+2
3,995E+2
3,602E+2
3,678E+2
4,352E+2
3,987E+2
3,772E+2
4,585E+2
3,498E+2
3,469E+2
3,855E+2
3,445E+2
4,515E+2
3,667E+2
4,289E+2
3,287E+2
4,205E+2
4,146E+2
3,782E+2
4,689E+2
4,203E+2
4,959E+2
3,677E+2
4,602E+2
3,511E+2
4,879E+2
3,705E+2
3,720E+2
3,586E+2
4,335E+2
3,445E+2
3,411E+2
3,208E+2
3,875E+2
4,672E+2
3,723E+2
4,898E+2
3,333E+2
4,391E+2
3,068E+2
4,386E+2
4,889E+2
3,472E+2
4,045E+2
3,470E+2
3,853E+2
3,689E+2
3,841E+2
4,397E+2
3,632E+2
4,534E+2
3,693E+2
4,285E+2
4,451E+2
3,486E+2
4,762E+2
4,129E+2
4,337E+2
3,552E+2
4,103E+2
3,272E+2
